tree
num_class=1
num_tree_per_iteration=1
label_index=0
max_feature_idx=12
objective=regression
feature_names=holiday xf1 xf2 xf3 xf4 xf5 xf6 xf7 trend sunny cloudy rainy snowy
feature_infos=none [0:1] [0:1] [0:1] [0:1] [0:1] [0:1] [0:1] [15.691012857142901:59.682421428571395] [0:1] [0:1] [0:1] none

Tree=0
num_leaves=6
num_cat=0
split_feature=8 8 11 8 8
split_gain=562721107.70260072 98373679.083386481 34816558.34634155 11940419.135351092 1328878.5453765988
threshold=21.367710714285749 18.029348571428599 9.9999996826552254e-21 25.612770714285702 31.710087142857152
decision_type=2 2 2 2 2
left_child=1 -1 3 -2 -5
right_child=2 -3 -4 4 -6
leaf_value=21010.052137586805 21168.756191770764 21041.047923109265 21143.859822907183 21210.052137586805 21207.225589828762
leaf_count=22 20 36 40 23 31
internal_value=0 -2398.1728326205548 1427.8222185268737 1834.1295223751583 2078.5919070773652
internal_count=172 58 114 74 54
shrinkage=1


Tree=1
num_leaves=6
num_cat=0
split_feature=8 8 11 8 8
split_gain=519597543.12560147 96114740.957340717 31653828.461701035 10915936.098846525 1305303.8574422896
threshold=21.367710714285749 18.029348571428599 9.9999996826552254e-21 25.612770714285702 31.710087142857152
decision_type=2 2 2 2 2
left_child=1 -1 3 -2 -5
right_child=2 -3 -4 4 -6
leaf_value=-100 55.768858108520512 -65.553998565673837 32.117302901744843 100 92.314782321068549
leaf_count=22 20 36 40 23 31
internal_value=0 -2317.4115316456764 1359.061168520074 1746.4747417553051 1980.2145860460068
internal_count=172 58 114 74 54
shrinkage=0.05


Tree=2
num_leaves=7
num_cat=0
split_feature=8 8 8 9 8 8
split_gain=480856719.80358875 107891226.65515763 38182389.1511935 24446425.531339616 24919673.546692923 894039.53093856573
threshold=21.746140714285701 18.029348571428599 20.27716785714285 9.9999996826552254e-21 27.646059999999999 27.58085857142855
decision_type=2 2 2 2 2 2
left_child=1 -1 -3 4 -2 -5
right_child=3 2 -4 5 -6 -7
leaf_value=-100 88.239968399774469 -11.068101432106712 -100 84.849869308471682 18.565856566573636 98.172524530747353
leaf_count=22 21 22 20 20 33 34
internal_value=0 -2070.1609179973602 -1130.4597349621001 1388.9955228346366 913.22689003414575 1864.7641556351273
internal_count=172 64 42 108 54 54
shrinkage=0.05


Tree=3
num_leaves=6
num_cat=0
split_feature=8 8 11 8 8
split_gain=445623276.04754752 89788804.675615549 26141189.770997196 9612043.0969879329 1178505.9497586787
threshold=21.367710714285749 18.029348571428599 9.9999996826552254e-21 25.612770714285702 31.710087142857152
decision_type=2 2 2 2 2
left_child=1 -1 3 -2 -5
right_child=2 -3 -4 4 -6
leaf_value=-100 49.602838363647464 -59.993664084540484 29.04377202987671 98.755447188667631 83.81760011488393
leaf_count=22 20 36 40 23 31
internal_value=0 -2172.524619003822 1232.1979890120656 1584.264231398299 1803.6003292225025
internal_count=172 58 114 74 54
shrinkage=0.05


Tree=4
num_leaves=6
num_cat=0
split_feature=8 8 11 8 8
split_gain=410538289.71687186 87008980.665594846 23592426.350057751 8674867.9935902953 1063601.1669590175
threshold=21.367710714285749 18.029348571428599 9.9999996826552254e-21 25.612770714285702 31.710087142857152
decision_type=2 2 2 2 2
left_child=1 -1 3 -2 -5
right_child=2 -3 -4 4 -6
leaf_value=-100 47.122698745727547 -56.993980619642471 27.591581659317018 93.817673392917811 79.62672169285436
leaf_count=22 20 36 40 23 31
internal_value=0 -2097.3561345790995 1170.5880880355835 1505.051036602742 1713.4203187094795
internal_count=172 58 114 74 54
shrinkage=0.05


Tree=5
num_leaves=6
num_cat=0
split_feature=1 5 2 9 10
split_gain=312832876.91846567 64890685.718822055 9341250.0386680588 7087775.0859878883 350678.50947253034
threshold=9.9999996826552254e-21 9.9999996826552254e-21 9.9999996826552254e-21 9.9999996826552254e-21 9.9999996826552254e-21
decision_type=2 2 2 2 2
left_child=1 2 3 4 -1
right_child=-2 -3 -4 -5 -6
leaf_value=36.832698895854335 -100 100 -16.805958819389343 6.9507595840765504 28.464427475702195
leaf_count=31 26 25 20 49 21
internal_value=0 591.3046946198973 288.27019603193298 411.91165591702605 669.06409336970398
internal_count=172 146 121 101 52
shrinkage=0.05


Tree=6
num_leaves=6
num_cat=0
split_feature=8 8 11 8 8
split_gain=326919375.47380227 52039691.152587086 11112453.449478149 6683539.2938026339 2776174.916841954
threshold=21.367710714285749 18.839391428571403 9.9999996826552254e-21 25.612770714285702 35.097030714285751
decision_type=2 2 2 2 2
left_child=1 -1 3 -2 -5
right_child=2 -3 -4 4 -6
leaf_value=-100 37.667043994721915 -50.138372851956277 28.413029961836965 79.60487585628735 56.128241233825683
leaf_count=28 21 31 38 34 20
internal_value=0 -1895.331769005727 1008.8201179166811 1232.0369407145183 1418.1965199223271
internal_count=172 59 113 75 54
shrinkage=0.05


Tree=7
num_leaves=6
num_cat=0
split_feature=8 8 9 8 8
split_gain=299545827.31694078 49316977.253249854 11366275.047588736 13042914.088141158 1854790.4986784756
threshold=21.367710714285749 18.839391428571403 9.9999996826552254e-21 27.646059999999999 27.58085857142855
decision_type=2 2 2 2 2
left_child=1 -1 3 -2 -4
right_child=2 -3 4 -5 -6
leaf_value=-100 57.019671903337752 -47.631452646563133 52.957807228781967 9.5701681327819834 71.700434560486769
leaf_count=28 28 31 22 30 33
internal_value=0 -1821.5302346439685 958.37910739932443 649.5365025092816 1284.0676725560968
internal_count=172 59 113 58 55
shrinkage=0.05


Tree=8
num_leaves=6
num_cat=0
split_feature=1 8 8 8 8
split_gain=290349837.19002801 256331936.82351565 48076317.5075306 11422060.783246398 3622214.4472240806
threshold=9.9999996826552254e-21 21.367710714285749 18.96493785714285 33.723945714285698 25.612770714285702
decision_type=2 2 2 2 2
left_child=1 2 -1 4 -3
right_child=-2 3 -4 -5 -6
leaf_value=-100 -100 72.762549318586082 -13.446226946512859 48.921772522761906 96.333829258649786
leaf_count=26 26 28 24 29 39
internal_value=0 546.47329205029632 -1289.5388372802734 1502.7296094099681 1729.662902091866
internal_count=172 146 50 96 67
shrinkage=0.05


Tree=9
num_leaves=6
num_cat=0
split_feature=1 8 8 8 8
split_gain=270004642.76044637 232391258.56829554 43929587.309709206 10308409.015328825 3269048.3154836595
threshold=9.9999996826552254e-21 21.367710714285749 18.96493785714285 33.723945714285698 25.612770714285702
decision_type=2 2 2 2 2
left_child=1 2 -1 4 -3
right_child=-2 3 -4 -5 -6
leaf_value=-100 -100 69.124421419416166 -12.77391529083252 46.475684475076612 91.51713659824469
leaf_count=26 26 28 24 29 39
internal_value=0 517.08703691665437 -1231.0846429443359 1427.5931201775868 1643.1797394254315
internal_count=172 146 50 96 67
shrinkage=0.05


Tree=10
num_leaves=7
num_cat=0
split_feature=8 1 11 8 8 8
split_gain=253282825.66631532 249570195.33239076 18461969.871496886 6041424.6520190239 463088.76578070223 150129.40377729014
threshold=18.96493785714285 9.9999996826552254e-21 9.9999996826552254e-21 25.612770714285702 32.484589999999997 26.815561428571449
decision_type=2 2 2 2 2 2
left_child=-1 2 3 -2 -5 -4
right_child=1 -3 5 4 -6 -7
leaf_value=-100 56.603585815429689 -100 36.630609755082567 82.321153958638519 92.622829008102428 30.6450993347168
leaf_count=37 26 23 22 24 20 20
internal_value=0 583.60881446555811 1199.7558763708387 1514.2450018201555 1740.074670531533 675.60733395531065
internal_count=172 135 112 70 44 42
shrinkage=0.05


Tree=11
num_leaves=7
num_cat=0
split_feature=8 1 8 9 8 8
split_gain=231027358.71889552 227977580.23196518 17010284.598695576 15046086.223507047 5398028.9069595262 123739.68122196198
threshold=18.96493785714285 9.9999996826552254e-21 21.746140714285701 9.9999996826552254e-21 27.646059999999999 28.090204999999997
decision_type=2 2 2 2 2 2
left_child=-1 2 -2 4 -4 -5
right_child=1 -3 3 5 -6 -7
leaf_value=-100 17.576565204967153 -100 64.691683088030132 89.630438464620852 29.979766305287679 84.385317611694347
leaf_count=37 22 23 21 23 24 22
internal_value=0 550.87819745099102 1139.7680790764946 1332.4481796264649 923.57321607801646 1741.3231431749132
internal_count=172 135 112 90 45 45
shrinkage=0.05


Tree=12
num_leaves=7
num_cat=0
split_feature=8 1 8 9 8 8
split_gain=210183778.04565415 207739300.53534186 15351781.212006599 13579092.837459564 4871721.3286478668 111675.01286821067
threshold=18.96493785714285 9.9999996826552254e-21 21.746140714285701 9.9999996826552254e-21 27.646059999999999 28.090204999999997
decision_type=2 2 2 2 2 2
left_child=-1 2 -2 4 -4 -5
right_child=1 -3 3 5 -6 -7
leaf_value=-100 16.697737676447087 -100 61.457099115280883 85.148915780108908 28.48077735900879 80.16605207269842
leaf_count=37 22 23 21 23 24 22
internal_value=0 520.63596502233429 1082.7796741894313 1265.82576590644 877.39455023871528 1654.2569815741645
internal_count=172 135 112 90 45 45
shrinkage=0.05


Tree=13
num_leaves=7
num_cat=0
split_feature=8 1 11 8 8 8
split_gain=190677095.01811761 188783444.47463229 14412700.271104753 4646289.6536304504 550724.91563861072 116627.76612764969
threshold=18.96493785714285 9.9999996826552254e-21 9.9999996826552254e-21 25.612770714285702 32.484589999999997 26.815561428571449
decision_type=2 2 2 2 2 2
left_child=-1 2 3 -2 -5 -4
right_child=1 -3 5 4 -6 -7
leaf_value=-100 48.567782710148741 -100 30.788503126664597 70.121256232261658 81.355480422973642 25.512934341430665
leaf_count=37 26 23 22 24 20 20
internal_value=0 492.75769577026369 1028.6406900201525 1306.5091738564627 1504.5544354698875 565.52655029296875
internal_count=172 135 112 70 44 42
shrinkage=0.05


Tree=14
num_leaves=7
num_cat=0
split_feature=8 1 8 9 8 8
split_gain=172437905.40650442 171043447.12068808 13400926.259031788 11279027.8596192 4514379.8875734173 136695.34129415452
threshold=18.96493785714285 9.9999996826552254e-21 21.746140714285701 9.9999996826552254e-21 27.646059999999999 28.090204999999997
decision_type=2 2 2 2 2 2
left_child=-1 2 -2 4 -4 -5
right_child=1 -3 3 5 -6 -7
leaf_value=-98.481765685210362 13.878941553289241 -100 56.641073099772136 77.807106499049979 24.897190507253015 72.294235125454989
leaf_count=37 22 23 21 23 24 22
internal_value=0 467.12518903944226 977.20865065710882 1148.229273223877 794.22004767523867 1502.2384987725152
internal_count=172 135 112 90 45 45
shrinkage=0.05


Tree=15
num_leaves=6
num_cat=0
split_feature=8 8 11 8 8
split_gain=208413231.11756223 38269899.731936842 16256772.871734291 5538020.8861421198 13447425.148037046
threshold=21.746140714285701 18.389367857142851 9.9999996826552254e-21 27.58085857142855 35.097030714285751
decision_type=2 2 2 2 2
left_child=1 -1 3 -2 -5
right_child=2 -3 -4 4 -6
leaf_value=-100 33.296789445548221 -41.360166190652286 8.8848212747012862 84.099845759073901 30.006776871681211
leaf_count=28 29 34 34 27 20
internal_value=0 -1540.1751598235101 752.45858003442936 1009.5890175919784 1221.6303714589869
internal_count=172 62 110 76 47
shrinkage=0.05


Tree=16
num_leaves=6
num_cat=0
split_feature=8 8 11 8 8
split_gain=189679440.9152098 35479718.997422874 14671736.230640739 4998063.6896514893 12136300.905597635
threshold=21.746140714285701 18.389367857142851 9.9999996826552254e-21 27.58085857142855 35.097030714285751
decision_type=2 2 2 2 2
left_child=1 -1 3 -2 -5
right_child=2 -3 -4 4 -6
leaf_value=-100 31.631949220854661 -39.292156780467316 8.4405809290268845 79.894852034250903 28.506437206268313
leaf_count=28 29 34 34 27 20
internal_value=0 -1472.3324762159777 714.83564146215269 959.10954643550667 1160.5488293830385
internal_count=172 62 110 76 47
shrinkage=0.05


Tree=17
num_leaves=6
num_cat=0
split_feature=8 8 11 8 8
split_gain=172325861.33168137 32702388.284393549 13241242.756374285 4510752.2608764917 10953011.799811617
threshold=21.746140714285701 18.389367857142851 9.9999996826552254e-21 27.58085857142855 35.097030714285751
decision_type=2 2 2 2 2
left_child=1 -1 3 -2 -5
right_child=2 -3 -4 4 -6
leaf_value=-100 30.050353214658539 -37.327549541697785 8.0185518152573536 75.900110499064127 27.08111589431763
leaf_count=28 29 34 34 27 20
internal_value=0 -1405.6238805709347 679.09387387362392 911.15409068057409 1102.5214048345038
internal_count=172 62 110 76 47
shrinkage=0.05


Tree=18
num_leaves=6
num_cat=0
split_feature=1 7 5 2 11
split_gain=165131218.970045 76813744.59546183 49654542.046205238 25035522.016133487 1914279.9097620845
threshold=9.9999996826552254e-21 9.9999996826552254e-21 9.9999996826552254e-21 9.9999996826552254e-21 9.9999996826552254e-21
decision_type=2 2 2 2 2
left_child=1 2 3 4 -1
right_child=-2 -3 -4 -5 -6
leaf_value=38.769811698368621 -100 -64.094193522135413 100 -25.720787556966144 21.98491615882287
leaf_count=49 27 24 22 24 26
internal_value=0 352.38132491276184 676.53309919814433 374.55145292571098 659.02095822652177
internal_count=172 145 121 99 75
shrinkage=0.05


Tree=19
num_leaves=6
num_cat=0
split_feature=8 8 9 8 8
split_gain=154034825.65433601 29412516.213194415 12250151.450483561 11076450.606523376 1633171.5512261763
threshold=21.746140714285701 18.389367857142851 9.9999996826552254e-21 27.687740714285749 28.476049285714254
decision_type=2 2 2 2 2
left_child=1 -1 3 -2 -4
right_child=2 -3 4 -5 -6
leaf_value=-100 40.033089212270887 -35.241299528234144 40.415054614727318 -4.2196561628772367 57.972255819815182
leaf_count=28 26 34 26 31 27
internal_value=0 -1329.8688558763074 641.1078737432307 319.31613279643813 987.185783818083
internal_count=172 62 110 57 53
shrinkage=0.05


Tree=20
num_leaves=6
num_cat=0
split_feature=8 8 8 8 11
split_gain=147275669.81000236 30854714.411337942 7423621.0969470516 17603046.29375504 22433965.5644379
threshold=21.367710714285749 18.389367857142851 24.22843357142855 27.646059999999999 9.9999996826552254e-21
decision_type=2 2 2 2 2
left_child=1 -1 -2 -4 -5
right_child=2 -3 3 4 -6
leaf_value=-100 1.4025841422702956 -38.613394141919684 64.50438507080078 39.215009365081791 -25.641513385772704
leaf_count=26 23 33 30 40 20
internal_value=0 -1414.1635788739738 535.07276005027563 664.64481311374243 351.92336896260582
internal_count=172 59 113 90 60
shrinkage=0.05


Tree=21
num_leaves=6
num_cat=0
split_feature=8 8 8 8 9
split_gain=133767760.35099602 32707474.314658403 7161751.8231136985 11812669.275044039 4168745.8372948803
threshold=22.345746428571402 18.389367857142851 27.687740714285749 25.612770714285702 9.9999996826552254e-21
decision_type=2 2 2 2 2
left_child=1 -1 3 -2 -4
right_child=2 -3 4 -5 -6
leaf_value=-100 15.908600085714589 -34.04509325271998 3.096802266438802 65.100259692852319 29.922255407060899
leaf_count=26 23 39 30 26 28
internal_value=0 -1260.0920540442833 558.73491091148878 840.205940402284 320.94042047961005
internal_count=172 65 107 49 58
shrinkage=0.05


Tree=22
num_leaves=6
num_cat=0
split_feature=1 7 2 6 9
split_gain=130703862.9301921 103715709.23228303 38042859.079732463 21542564.511025295 635381.01025389135
threshold=9.9999996826552254e-21 9.9999996826552254e-21 9.9999996826552254e-21 9.9999996826552254e-21 9.9999996826552254e-21
decision_type=2 2 2 2 2
left_child=1 2 3 4 -1
right_child=-2 -3 -4 -5 -6
leaf_value=62.285383183615551 -100 -76.251090185982846 -23.198240690964923 2.7859853993291441 52.848185385427172
leaf_count=42 22 28 26 23 31
internal_value=0 210.68969622294108 609.0497126032094 899.65781350930536 1165.5561207287933
internal_count=172 150 122 96 73
shrinkage=0.05


Tree=23
num_leaves=6
num_cat=0
split_feature=8 8 8 11 8
split_gain=120690041.67315696 28730526.590199366 6537690.0170355663 14043275.132740406 1015751.425237719
threshold=22.345746428571402 18.389367857142851 27.016794285714305 9.9999996826552254e-21 33.723945714285698
decision_type=2 2 2 2 2
left_child=1 -1 -2 4 -4
right_child=2 -3 3 -5 -6
leaf_value=-100 44.393084803989957 -32.573169336563502 39.412767233167379 -14.181307871445368 24.865778532482331
leaf_count=26 35 39 28 23 21
internal_value=0 -1194.3004410963792 533.33209697331222 360.9913196298811 663.56687008604706
internal_count=172 65 107 72 49
shrinkage=0.05


Tree=24
num_leaves=6
num_cat=0
split_feature=1 8 8 8 9
split_gain=118861029.17190178 103190960.42628348 24360538.665055767 7953981.3875470534 3522947.335217014
threshold=9.9999996826552254e-21 22.345746428571402 18.389367857142851 33.30000285714285 9.9999996826552254e-21
decision_type=2 2 2 2 2
left_child=1 2 -1 4 -3
right_child=-2 3 -4 -5 -6
leaf_value=-86.067590332031259 -100 40.839013184441463 -17.949291741507395 19.333848465813531 63.833746854720573
leaf_count=21 22 36 35 27 31
internal_value=0 204.72265703837076 -869.87307425907682 844.90734802408417 1029.5673513839495
internal_count=172 150 56 94 67
shrinkage=0.05


Tree=25
num_leaves=7
num_cat=0
split_feature=1 8 8 9 8 8
split_gain=109383866.00937085 71391340.388768613 12958081.384343062 6187221.7824129537 3789976.9887592755 77081.071634337306
threshold=9.9999996826552254e-21 21.746140714285701 18.839391428571403 9.9999996826552254e-21 27.687740714285749 28.476049285714254
decision_type=2 2 2 2 2 2
left_child=1 2 -1 4 -3 -5
right_child=-2 3 -4 5 -6 -7
leaf_value=-63.697789148850873 -93.810368820716604 42.801258735656745 -12.809821714203935 50.031163315545946 14.084174641856443 54.179126230875653
leaf_count=22 29 20 29 21 27 24
internal_value=0 253.76435779358124 -695.2298788182876 779.83724982842159 526.08420852904624 1044.8682040744357
internal_count=172 143 51 92 47 45
shrinkage=0.05


Tree=26
num_leaves=6
num_cat=0
split_feature=1 7 5 3 11
split_gain=98718942.660748705 35341120.234197564 17962964.034755573 3481962.3951910548 4561608.9291759189
threshold=9.9999996826552254e-21 9.9999996826552254e-21 9.9999996826552254e-21 9.9999996826552254e-21 9.9999996826552254e-21
decision_type=2 2 2 2 2
left_child=1 2 3 4 -1
right_child=-2 -3 -4 -5 -6
leaf_value=18.352080788130458 -89.119851895036376 -43.295221026738488 64.007232527299365 31.456194495612927 -7.1415514435086935
leaf_count=47 29 24 22 22 28
internal_value=0 241.07614636171115 464.33273128200977 279.30322382007677 176.68916176637015
internal_count=172 143 119 97 75
shrinkage=0.05


Tree=27
num_leaves=6
num_cat=0
split_feature=1 8 8 8 9
split_gain=89093845.629290432 64083893.063346177 11695206.093743555 5492837.3910782933 9337263.7207583711
threshold=9.9999996826552254e-21 21.746140714285701 18.839391428571403 27.016794285714305 9.9999996826552254e-21
decision_type=2 2 2 2 2
left_child=1 2 -1 -3 -5
right_child=-2 3 -4 4 -6
leaf_value=-60.994745989279323 -84.663859084556847 54.379421125609305 -12.650065678563612 7.8946346426010141 46.436479094534207
leaf_count=22 29 29 29 30 33
internal_value=0 229.02234204165586 -670.09267311470182 727.44479609572375 561.66439663417759
internal_count=172 143 51 92 63
shrinkage=0.05


Tree=28
num_leaves=5
num_cat=0
split_feature=5 3 11 10
split_gain=41703201.874233902 19847757.778621558 24425145.790938318 746619.39870474278
threshold=9.9999996826552254e-21 9.9999996826552254e-21 9.9999996826552254e-21 9.9999996826552254e-21
decision_type=2 2 2 2
left_child=1 2 3 -1
right_child=-2 -3 -4 -5
leaf_value=-2.4671722141901653 59.770638483220878 29.925222344831987 -51.148747353023957 -13.06261576699174
leaf_count=60 22 22 45 23
internal_value=0 -278.90789797226586 -429.71314474660903 -108.0651796366795
internal_count=172 150 128 83
shrinkage=0.05


Tree=29
num_leaves=7
num_cat=0
split_feature=1 8 8 8 8 9
split_gain=78272796.657322392 57458035.108175926 10714531.203932501 4960682.2257586196 8367368.2962406129 742516.35473344475
threshold=9.9999996826552254e-21 21.746140714285701 18.839391428571403 27.016794285714305 31.359272142857151 9.9999996826552254e-21
decision_type=2 2 2 2 2 2
left_child=1 2 -1 -3 -5 -6
right_child=-2 3 -4 4 5 -7
leaf_value=-57.981924785267225 -79.190494774127842 51.609005789099072 -11.708532353105218 1.7433895631269978 33.072113175392154 46.533515348888585
leaf_count=22 29 29 29 22 20 21
internal_value=0 217.97371197080278 -633.39207196703148 689.92648350155866 532.38116070580861 799.33955406561131
internal_count=172 143 51 92 63 41
shrinkage=0.05


Tree=30
num_leaves=7
num_cat=0
split_feature=8 8 11 8 8 8
split_gain=70994159.481364518 10561767.695569258 11389980.613618117 8964293.4727809131 5981029.1837478206 3767300.5788221266
threshold=21.746140714285701 27.646059999999999 9.9999996826552254e-21 18.389367857142851 24.76974142857145 33.723945714285698
decision_type=2 2 2 2 2 2
left_child=3 4 5 -1 -2 -3
right_child=1 2 -4 -5 -6 -7
leaf_value=-64.458009387600811 20.102465438842774 39.415753393173219 -20.687697809392759 -26.731860359013083 57.124790072441101 9.7441884579865832
leaf_count=31 20 20 22 32 24 23
internal_value=0 427.58648093687287 171.4775540278508 -905.91041984255355 805.92921387065542 470.89832669635149
internal_count=172 109 65 63 44 43
shrinkage=0.05


Tree=31
num_leaves=6
num_cat=0
split_feature=1 7 2 3 11
split_gain=61291502.961651802 73169953.80000788 46327504.190880939 625627.56741634011 855165.08851341158
threshold=9.9999996826552254e-21 9.9999996826552254e-21 9.9999996826552254e-21 9.9999996826552254e-21 9.9999996826552254e-21
decision_type=2 2 2 2 2
left_child=1 2 3 4 -1
right_child=-2 -3 -4 -5 -6
leaf_value=45.368667941934923 -73.618861154409558 -70.100404612223301 -42.166182122911728 31.773545928228472 34.615018068510913
leaf_count=51 26 24 21 21 29
internal_value=0 194.1071942799712 508.09708671100805 789.08555515213766 829.4093972563744
internal_count=172 146 122 101 80
shrinkage=0.05


Tree=32
num_leaves=7
num_cat=0
split_feature=8 8 11 8 8 8
split_gain=62826233.055716835 9357213.0131296776 10003534.261291413 7982101.1481758282 5303901.2312031128 3731951.988990698
threshold=21.746140714285701 27.646059999999999 9.9999996826552254e-21 18.389367857142851 24.76974142857145 33.723945714285698
decision_type=2 2 2 2 2 2
left_child=3 4 5 -1 -2 -3
right_child=1 2 -4 -5 -6 -7
leaf_value=-60.576269297445975 19.017362880706788 38.001556549072269 -19.247826420177116 -24.97683830857277 53.881059837341311 8.4695238735364828
leaf_count=31 20 20 22 32 24 23
internal_value=0 404.56342982370921 163.5009227165809 -849.88037272862027 760.67849714105785 444.10706049896947
internal_count=172 109 65 63 44 43
shrinkage=0.05


Tree=33
num_leaves=5
num_cat=0
split_feature=1 7 2 9
split_gain=55154023.752216868 65320542.309004605 41413855.597092532 498175.74347341806
threshold=9.9999996826552254e-21 9.9999996826552254e-21 9.9999996826552254e-21 9.9999996826552254e-21
decision_type=2 2 2 2
left_child=1 2 3 -1
right_child=-2 -3 -4 -5
leaf_value=40.604728167397639 -69.702440819373507 -66.063830312093103 -39.713809403919043 33.539572914971245
leaf_count=56 26 24 21 45
internal_value=0 186.79775802403279 483.46812476486457 749.13773436593533
internal_count=172 146 122 101
shrinkage=0.05


Tree=34
num_leaves=7
num_cat=0
split_feature=8 8 11 8 8 8
split_gain=55731095.30756136 8286367.1638992839 8977093.3502848633 7066582.6964199319 4718416.1021990962 3687739.5183600495
threshold=21.746140714285701 27.646059999999999 9.9999996826552254e-21 18.389367857142851 24.76974142857145 33.723945714285698
decision_type=2 2 2 2 2 2
left_child=3 4 5 -1 -2 -3
right_child=1 2 -4 -5 -6 -7
leaf_value=-56.928344369703723 17.979445915222168 36.810655670166021 -18.16062271161513 -23.432636070251466 50.862628396352136 7.454077330879544
leaf_count=31 20 20 22 32 24 23
internal_value=0 383.19544810548837 156.34559764862061 -798.29302530440077 718.31454537131572 422.16599628537199
internal_count=172 109 65 63 44 43
shrinkage=0.05


Tree=35
num_leaves=7
num_cat=0
split_feature=1 7 8 5 8 8
split_gain=95616475.877705798 69975286.324922249 42005195.140960649 6919179.3647217602 2200886.719952628 4905501.7174414992
threshold=9.9999996826552254e-21 9.9999996826552254e-21 18.96493785714285 9.9999996826552254e-21 32.484589999999997 24.22843357142855
decision_type=2 2 2 2 2 2
left_child=1 2 -1 4 5 -4
right_child=-2 -3 3 -5 -6 -7
leaf_value=-25.312586517333983 -86.947756253756012 -60.919020048777263 28.944408874511723 71.325730912581733 25.758770713806157 59.167549856777853
leaf_count=25 26 24 25 23 20 29
internal_value=0 342.50208888641777 649.56093935106617 947.45080267522758 798.55258972580373 903.50709915161133
internal_count=172 146 122 97 74 54
shrinkage=0.05


Tree=36
num_leaves=7
num_cat=0
split_feature=1 8 5 6 8 8
split_gain=86293869.61671257 35255881.105511606 19673921.860642634 6205012.5628344435 3604404.1804761235 1785584.0791190234
threshold=9.9999996826552254e-21 18.839391428571403 9.9999996826552254e-21 9.9999996826552254e-21 28.809219285714249 23.188264285714304
decision_type=2 2 2 2 2 2
left_child=1 -1 3 4 5 -3
right_child=-2 2 -4 -5 -6 -7
leaf_value=-34.170718056815012 -82.600368661146902 11.252431852921196 68.642342837651583 41.872750781831286 24.332791398366293 -9.1750798869133003
leaf_count=28 26 23 24 21 30 20
internal_value=0 325.37698161112121 564.75119853423814 358.42890281880153 220.62687036435898 35.025272036707676
internal_count=172 146 118 94 73 43
shrinkage=0.05


Tree=37
num_leaves=7
num_cat=0
split_feature=1 7 8 5 8 8
split_gain=77880219.665592328 61698867.082396865 34675132.928603806 5279202.8768785745 2134711.8537365571 4463296.6820408776
threshold=9.9999996826552254e-21 9.9999996826552254e-21 18.96493785714285 9.9999996826552254e-21 32.484589999999997 24.22843357142855
decision_type=2 2 2 2 2 2
left_child=1 2 -1 4 5 -4
right_child=-2 -3 3 -5 -6 -7
leaf_value=-22.634894088745117 -78.470351639160754 -57.828137715657562 26.587592346191407 64.327327154511991 22.947243270874026 55.416338825225836
leaf_count=25 26 24 25 23 20 29
internal_value=0 309.108132488107 597.43683153097743 868.09010815620422 738.02932432535533 841.3939387356794
internal_count=172 146 122 97 74 54
shrinkage=0.05


Tree=38
num_leaves=5
num_cat=0
split_feature=1 5 9 11
split_gain=70286896.943310052 13770054.968082462 11251431.570954267 2427239.3608230632
threshold=9.9999996826552254e-21 9.9999996826552254e-21 9.9999996826552254e-21 9.9999996826552254e-21
decision_type=2 2 2 2
left_child=1 2 3 -1
right_child=-2 -3 -4 -5
leaf_value=34.524093826957369 -74.546833008986255 45.525546422497982 -9.4246750710227278 14.044283475631325
leaf_count=23 26 29 55 39
internal_value=0 293.65273026244279 140.75625378861386 432.8326495385939
internal_count=172 146 117 62
shrinkage=0.05


Tree=39
num_leaves=7
num_cat=0
split_feature=1 7 8 8 8 8
split_gain=63433923.393380359 54513515.541022524 31054496.444045536 6019783.4305223078 7227634.7046181262 2405652.4920109212
threshold=9.9999996826552254e-21 9.9999996826552254e-21 18.839391428571403 21.746140714285701 32.989332142857151 27.58085857142855
decision_type=2 2 2 2 2 2
left_child=1 2 -1 -4 5 -5
right_child=-2 -3 3 4 -6 -7
leaf_value=-24.837156179676885 -70.819491225022531 -54.935750961303711 15.154278869628905 46.987129366397859 22.967681185404459 68.186788973600969
leaf_count=23 26 24 20 32 24 23
internal_value=0 278.97008174739472 549.99010161102797 793.17054787067457 917.24269229550907 1117.048831315474
internal_count=172 146 122 99 79 55
shrinkage=0.05


Tree=40
num_leaves=7
num_cat=0
split_feature=1 7 8 8 9 11
split_gain=34776486.224686958 25001235.791205302 32766773.091892622 7017877.1681391522 5446443.3239455223 5438401.6250875983
threshold=9.9999996826552254e-21 9.9999996826552254e-21 21.746140714285701 33.723945714285698 9.9999996826552254e-21 9.9999996826552254e-21
decision_type=2 2 2 2 2 2
left_child=1 2 5 4 -4 -1
right_child=-2 -3 3 -5 -6 -7
leaf_value=-2.1985161822775137 -57.387458740234379 -37.069193748191552 30.815480699210333 12.578465403681216 62.661442901611331 -37.848632795810701
leaf_count=23 25 27 29 23 25 20
internal_value=0 128.0384976588139 323.65853149890899 714.15317327325999 911.17963437680839 -375.59931539934735
internal_count=172 147 120 77 54 43
shrinkage=0.05


Tree=41
num_leaves=6
num_cat=0
split_feature=8 11 11 9 8
split_gain=27008270.713475149 10202931.810084984 3979134.2456861287 2125605.6305821221 1412175.0014076643
threshold=21.367710714285749 9.9999996826552254e-21 9.9999996826552254e-21 9.9999996826552254e-21 28.476049285714254
decision_type=2 2 2 2 2
left_child=2 3 -1 -2 -5
right_child=1 -3 -4 4 -6
leaf_value=-19.767403072781036 9.1342442885689117 -10.382563760545519 -46.391515433270001 19.199354751021772 35.370745821352358
leaf_count=36 23 36 23 27 27
internal_value=0 231.8067325153182 -602.92588663909396 437.26761924446402 545.70100572374133
internal_count=172 113 59 77 54
shrinkage=0.05


Tree=42
num_leaves=7
num_cat=0
split_feature=1 7 8 8 11 8
split_gain=31372148.566674788 22820226.885066878 27387506.094426408 5835999.1722447351 2096251.0704541281 241587.07932698634
threshold=9.9999996826552254e-21 9.9999996826552254e-21 21.367710714285749 33.723945714285698 9.9999996826552254e-21 18.839391428571403
decision_type=2 2 2 2 2 2
left_child=1 2 5 4 -4 -1
right_child=-2 -3 3 -5 -6 -7
leaf_value=-22.105750732421878 -54.370523254394527 -35.315502279776119 48.631818052019391 11.191646957397461 28.935560330477628 -14.334214859008791
leaf_count=20 25 27 35 23 22 20
internal_value=0 124.32462118758636 311.21742121378583 649.02595977783199 820.59507336532863 -364.39965591430666
internal_count=172 147 120 80 57 40
shrinkage=0.05


Tree=43
num_leaves=7
num_cat=0
split_feature=1 8 9 8 9 8
split_gain=28313362.741796937 14800401.372689858 6906036.4577077124 4984269.0330384346 1095471.6544789411 100608.69752195105
threshold=9.9999996826552254e-21 21.367710714285749 9.9999996826552254e-21 27.646059999999999 9.9999996826552254e-21 31.359272142857151
decision_type=2 2 2 2 2 2
left_child=1 4 3 -3 -1 -4
right_child=-2 2 5 -5 -6 -7
leaf_value=-10.322966595353753 -51.651996444702149 22.405249877597978 33.740029732386276 -8.5321728642781576 -25.533856391906738 29.001116507393974
leaf_count=29 25 23 24 30 20 21
internal_value=0 118.10837583476994 342.47749418141893 97.870023115625926 -330.62986085852799 630.57073788113064
internal_count=172 147 98 53 49 45
shrinkage=0.05


Tree=44
num_leaves=7
num_cat=0
split_feature=1 7 8 8 11 9
split_gain=25552810.078476027 20606811.482358553 23276051.195807539 5578692.755536478 4775980.7189471144 3930197.1685730591
threshold=9.9999996826552254e-21 9.9999996826552254e-21 21.746140714285701 33.723945714285698 9.9999996826552254e-21 9.9999996826552254e-21
decision_type=2 2 2 2 2 2
left_child=1 2 4 5 -1 -4
right_child=-2 -3 3 -5 -6 -7
leaf_value=0.56124294115149453 -49.06939652252197 -33.856066781503181 27.205060347195332 10.324324582970661 -32.84722797393799 54.257413619995127
leaf_count=23 25 27 29 23 20 25
internal_value=0 112.20296340734781 289.80093069076537 618.91988466931627 -299.55161480570951 794.58595946983053
internal_count=172 147 120 77 43 54
shrinkage=0.05


Tree=45
num_leaves=7
num_cat=0
split_feature=4 8 11 8 9 8
split_gain=49756466.41420836 16406299.134707076 9697613.9408949278 3428775.453929265 2981281.0937376171 170785.68910929933
threshold=9.9999996826552254e-21 21.367710714285749 9.9999996826552254e-21 32.484589999999997 9.9999996826552254e-21 27.016794285714305
decision_type=2 2 2 2 2 2
left_child=1 4 3 5 -1 -3
right_child=-2 2 -4 -5 -6 -7
leaf_value=-16.990557187398277 78.090177764892587 23.32312655925751 -16.500612139701843 3.2666923376230095 -40.369355285644531 29.857376499176027
leaf_count=30 20 20 31 26 25 20
internal_value=0 -116.04283054565128 131.34537847754882 348.04365513541484 -552.34567191384053 531.80503058433533
internal_count=172 152 97 66 55 40
shrinkage=0.05


Tree=46
num_leaves=6
num_cat=0
split_feature=4 8 8 9 9
split_gain=44905210.124327034 14806686.404737636 9340785.0816511568 9259815.5032364521 2690606.1696296707
threshold=9.9999996826552254e-21 21.367710714285749 33.723945714285698 9.9999996826552254e-21 9.9999996826552254e-21
decision_type=2 2 2 2 2
left_child=1 4 3 -3 -1
right_child=-2 2 -4 -5 -6
leaf_value=-16.141030794779461 74.185667724609388 -2.2371618099701709 -22.409147834777833 32.928455775313914 -38.350888916015627
leaf_count=30 20 39 22 36 25
internal_value=0 -110.24069760347668 124.77811236234055 292.84669261932373 -524.72841699773619
internal_count=172 152 97 75 55
shrinkage=0.05


Tree=47
num_leaves=6
num_cat=0
split_feature=4 5 3 11 8
split_gain=40526951.932474375 14680556.945566537 19871641.420536298 24149819.934366014 3053605.2558611548
threshold=9.9999996826552254e-21 9.9999996826552254e-21 9.9999996826552254e-21 9.9999996826552254e-21 24.22843357142855
decision_type=2 2 2 2 2
left_child=1 2 3 4 -1
right_child=-2 -3 -4 -5 -6
leaf_value=-16.598756434122723 70.476384658813487 26.765266161951526 30.279407262802124 -56.482500626059142 4.8673047813209331
leaf_count=30 20 29 22 34 37
internal_value=0 -104.72865248981275 -255.63097197059693 -443.22325493085503 -94.887288392479746
internal_count=172 152 123 101 67
shrinkage=0.05


Tree=48
num_leaves=6
num_cat=0
split_feature=4 8 8 9 9
split_gain=36575575.119697943 12856387.831916906 8572887.3883470204 7827816.5954250284 2619217.4964542445
threshold=9.9999996826552254e-21 21.367710714285749 33.723945714285698 9.9999996826552254e-21 9.9999996826552254e-21
decision_type=2 2 2 2 2
left_child=1 4 3 -3 -1
right_child=-2 2 -4 -5 -6
leaf_value=-14.32538131395976 66.952565994262699 -1.4938172572698349 -21.470124617489901 30.838542535569935 -36.238616455078123
leaf_count=30 20 39 22 36 25
internal_value=0 -99.492228175464433 119.5022508581889 280.51430886586508 -485.71885483481668
internal_count=172 152 97 75 55
shrinkage=0.05


Tree=49
num_leaves=5
num_cat=0
split_feature=4 5 3 11
split_gain=33009455.860326655 13180630.931311447 17991065.12784747 21538357.595688507
threshold=9.9999996826552254e-21 9.9999996826552254e-21 9.9999996826552254e-21 9.9999996826552254e-21
decision_type=2 2 2 2
left_child=1 2 3 -1
right_child=-2 -3 -4 -5
leaf_value=-4.351754883643407 63.604937133789065 25.59695879179856 29.097593192620714 -53.212504201776852
leaf_count=67 20 29 22 34
internal_value=0 -94.517613797987764 -237.50336094745776 -415.99855842861797
internal_count=172 152 123 101
shrinkage=0.05


Tree=50
num_leaves=7
num_cat=0
split_feature=7 8 8 8 8 8
split_gain=43926845.374336138 27673682.727556422 5121684.1403773576 3451370.6102871373 12029909.366489332 815626.64198531536
threshold=9.9999996826552254e-21 21.367710714285749 18.389367857142851 33.723945714285698 28.476049285714254 26.2087964285714
decision_type=2 2 2 2 2 2
left_child=1 2 -1 4 5 -3
right_child=-2 3 -4 -5 -6 -7
leaf_value=-42.161317371186755 -66.953093752653714 19.120252213654695 -9.4960831114224025 7.0976066094857675 56.145395858764658 5.9817821684337806
leaf_count=21 23 27 28 27 25 21
internal_value=0 145.75255279413005 -469.90938445499967 447.42690204620362 560.41072103421982 267.44343137741089
internal_count=172 149 49 100 73 48
shrinkage=0.05


Tree=51
num_leaves=7
num_cat=0
split_feature=7 8 1 11 8 8
split_gain=39643977.624781474 24975499.446095921 17506019.378826626 7323390.9051686749 4622320.0692819115 1128107.1823607776
threshold=9.9999996826552254e-21 21.367710714285749 9.9999996826552254e-21 9.9999996826552254e-21 18.389367857142851 32.989332142857151
decision_type=2 2 2 2 2 2
left_child=1 4 3 5 -1 -3
right_child=-2 2 -4 -5 -6 -7
leaf_value=-40.053251938592823 -63.605438497792129 26.594194915077903 -20.587416892051699 52.908010214346433 -9.0212789467402867 11.545073242187501
leaf_count=21 23 33 20 27 28 20
internal_value=0 138.46493070717625 425.0555669975281 634.25654320716853 -446.4139188649703 418.30562152502671
internal_count=172 149 100 80 49 53
shrinkage=0.05


Tree=52
num_leaves=7
num_cat=0
split_feature=7 8 1 11 8 8
split_gain=35778689.600325868 22540387.999841817 15799182.294019263 6609359.4255294763 4171644.0221218914 1032210.8796193292
threshold=9.9999996826552254e-21 21.367710714285749 9.9999996826552254e-21 9.9999996826552254e-21 18.389367857142851 30.779609999999998
decision_type=2 2 2 2 2 2
left_child=1 4 3 5 -1 -3
right_child=-2 2 -4 -5 -6 -7
leaf_value=-38.05058971586682 -60.425166586171031 26.716844495137533 -19.558046083450321 50.262608040703668 -8.5702148096902047 12.758831471663257
leaf_count=21 23 27 20 27 28 26
internal_value=0 131.54168004797609 403.80278301239014 602.54370918273924 -424.09322396103215 397.39034703092756
internal_count=172 149 100 80 49 53
shrinkage=0.05


Tree=53
num_leaves=7
num_cat=0
split_feature=7 8 1 8 8 8
split_gain=32290267.938003436 20342699.761901885 14258763.256626599 4018819.144024957 3764908.4900729218 1667401.2722527459
threshold=9.9999996826552254e-21 21.367710714285749 9.9999996826552254e-21 33.723945714285698 18.389367857142851 27.58085857142855
decision_type=2 2 2 2 2 2
left_child=1 4 3 5 -1 -3
right_child=-2 2 -4 -5 -6 -7
leaf_value=-36.148059735979352 -57.403909102730132 28.180817337334158 -18.580145826339724 10.978828861402429 -8.1417044673647201 45.41467504882813
leaf_count=21 23 32 20 23 28 25
internal_value=0 124.96459043746026 383.61263566017152 572.41652370691304 -402.88856307827695 714.79053719838464
internal_count=172 149 100 80 49 57
shrinkage=0.05



feature importances:
trend=162
rainy=30
xf1=29
sunny=25
xf7=15
xf5=10
xf2=5
xf3=5
xf4=5
xf6=2
cloudy=2

pandas_categorical:[]