tree
num_class=1
num_tree_per_iteration=1
label_index=0
max_feature_idx=12
objective=regression
feature_names=holiday xf1 xf2 xf3 xf4 xf5 xf6 xf7 trend sunny cloudy rainy snowy
feature_infos=none [0:1] [0:1] [0:1] [0:1] [0:1] [0:1] [0:1] [23.3838614285714:69.465931428571395] [0:1] [0:1] [0:1] none

Tree=0
num_leaves=7
num_cat=0
split_feature=7 5 2 3 6 8
split_gain=2203292015.0193515 703541618.82869458 934960532.43853736 1445130146.6740394 1446053516.6571732 386005705.22550726
threshold=9.9999996826552254e-21 9.9999996826552254e-21 9.9999996826552254e-21 9.9999996826552254e-21 9.9999996826552254e-21 36.979718571428599
decision_type=2 2 2 2 2 2
left_child=1 2 3 4 5 -1
right_child=-2 -3 -4 -5 -6 -7
leaf_value=28051.087171766492 28051.087171766492 28251.087171766492 28251.087171766492 28251.087171766492 28251.087171766492 28051.087171766492
leaf_count=23 27 26 22 25 21 28
internal_value=0 1804.8648890002021 775.2517191141593 -559.64796951136634 -2834.0716552734375 -5709.8174546185664
internal_count=172 145 119 97 72 51
shrinkage=1


Tree=1
num_leaves=7
num_cat=0
split_feature=7 5 2 8 8 11
split_gain=2145603885.4032154 682694273.19175029 907926875.92306471 599868901.78335214 299589350.04607409 35007920.565150201
threshold=9.9999996826552254e-21 9.9999996826552254e-21 9.9999996826552254e-21 36.979718571428599 34.219238571428598 9.9999996826552254e-21
decision_type=2 2 2 2 2 2
left_child=1 2 3 4 -1 -5
right_child=-2 -3 -4 5 -6 -7
leaf_value=-34.180310707092289 -100 100 100 -100 100 -100
leaf_count=20 27 26 22 31 24 22
internal_value=0 1775.2097163890969 760.96600867519862 -554.49333049341578 2174.8231863542037 -2820.3410048574769
internal_count=172 145 119 97 44 53
shrinkage=0.05


Tree=2
num_leaves=6
num_cat=0
split_feature=1 7 8 8 9
split_gain=4552526337.749073 3412534479.7524085 763873120.09684706 234636039.30372 46724687.687193334
threshold=9.9999996826552254e-21 9.9999996826552254e-21 37.352954999999994 34.219238571428598 9.9999996826552254e-21
decision_type=2 2 2 2 2
left_child=1 2 3 -1 -4
right_child=-2 -3 4 -5 -6
leaf_value=100 -100 -100 67.67816789899554 100 100
leaf_count=23 24 27 35 37 26
internal_value=0 2331.5002223865404 4599.7812657632121 7133.2014195760094 2107.892589881772
internal_count=172 148 121 60 61
shrinkage=0.05


Tree=3
num_leaves=7
num_cat=0
split_feature=7 5 2 3 6 8
split_gain=2029008941.6230404 645695114.38973808 861542124.82461798 1372640010.6776967 1365537457.5930877 366239296.19975162
threshold=9.9999996826552254e-21 9.9999996826552254e-21 9.9999996826552254e-21 9.9999996826552254e-21 9.9999996826552254e-21 36.979718571428599
decision_type=2 2 2 2 2 2
left_child=1 2 3 4 5 -1
right_child=-2 -3 -4 -5 -6 -7
leaf_value=-100 -100 100 100 100 100 -100
leaf_count=23 27 26 22 25 21 28
internal_value=0 1707.7260191950304 721.34900698942295 -560.06731375468144 -2776.7126727634004 -5571.2513188380817
internal_count=172 145 119 97 72 51
shrinkage=0.05


Tree=4
num_leaves=6
num_cat=0
split_feature=1 7 8 8 11
split_gain=4380696181.3659611 3225237350.4118648 755467493.67912436 233985719.46726322 40958612.388787031
threshold=9.9999996826552254e-21 9.9999996826552254e-21 37.352954999999994 34.219238571428598 9.9999996826552254e-21
decision_type=2 2 2 2 2
left_child=1 2 3 -1 -4
right_child=-2 -3 4 -5 -6
leaf_value=100 -100 -100 100 100 47.909597841898602
leaf_count=23 24 27 37 37 24
internal_value=0 2248.6033510775178 4453.7586463108537 6973.2014198303223 1975.6182133408843
internal_count=172 148 121 60 61
shrinkage=0.05


Tree=5
num_leaves=7
num_cat=0
split_feature=1 5 3 2 6 9
split_gain=4244392917.5400896 489853324.05344176 610269991.07276738 610799365.94143689 864040229.60330188 10900884.903201818
threshold=9.9999996826552254e-21 9.9999996826552254e-21 9.9999996826552254e-21 9.9999996826552254e-21 9.9999996826552254e-21 9.9999996826552254e-21
decision_type=2 2 2 2 2 2
left_child=1 2 3 4 5 -1
right_child=-2 -3 -4 -5 -6 -7
leaf_value=-100 -100 100 100 100 100 -100
leaf_count=26 26 25 23 20 26 26
internal_value=0 2062.7653814864484 1230.1701465953481 142.1944292029556 -1121.9711100260417 -3475.4195204514722
internal_count=172 146 121 98 78 52
shrinkage=0.05


Tree=6
num_leaves=7
num_cat=0
split_feature=1 7 8 11 8 8
split_gain=4165937909.0626807 2686849595.2709899 564734403.21895909 184688254.5324707 30094539.284730434 27470785.969709709
threshold=9.9999996826552254e-21 9.9999996826552254e-21 39.218085714285699 9.9999996826552254e-21 34.989824285714249 41.8946928571429
decision_type=2 2 2 2 2 2
left_child=1 2 3 4 -1 -4
right_child=-2 -3 5 -5 -6 -7
leaf_value=100 -100 -100 100 100 100 28.043512188946764
leaf_count=20 26 24 20 30 25 27
internal_value=0 2033.9982616476816 3936.7010546824972 5639.8808821614584 6921.1589057074652 1218.8609044501122
internal_count=172 146 122 75 45 47
shrinkage=0.05


Tree=7
num_leaves=7
num_cat=0
split_feature=1 7 8 11 8 8
split_gain=4073180269.6091967 2602070454.9000983 554223215.91282701 184688254.12190437 30094539.284730673 24973558.118797675
threshold=9.9999996826552254e-21 9.9999996826552254e-21 39.218085714285699 9.9999996826552254e-21 34.989824285714249 41.8946928571429
decision_type=2 2 2 2 2 2
left_child=1 2 3 4 -1 -4
right_child=-2 -3 5 -5 -6 -7
leaf_value=100 -100 -100 100 100 100 26.64132995605469
leaf_count=20 26 24 20 30 25 27
internal_value=0 1980.1819736010407 3852.6258247250416 5539.8808835856116 6821.1589057074652 1160.1975393092378
internal_count=172 146 122 75 45 47
shrinkage=0.05


Tree=8
num_leaves=7
num_cat=0
split_feature=1 7 8 8 8 8
split_gain=3981620698.1282024 2518789878.8688345 543608825.0744946 173405387.28258085 226598508.8019762 22550139.705866672
threshold=9.9999996826552254e-21 9.9999996826552254e-21 39.218085714285699 33.744308571428547 36.382121428571402 41.8946928571429
decision_type=2 2 2 2 2 2
left_child=1 2 3 -1 -5 -4
right_child=-2 -3 5 4 -6 -7
leaf_value=100 -100 -100 95.357415447235113 100 100 25.30926513671875
leaf_count=20 26 24 20 25 30 27
internal_value=0 1926.6250215817804 3768.8609477183859 5439.8808835856116 6356.8069399746983 1102.3397734621738
internal_count=172 146 122 75 55 47
shrinkage=0.05


Tree=9
num_leaves=7
num_cat=0
split_feature=1 7 8 11 8 8
split_gain=3891619069.0005145 2437330659.3508768 532416950.19488764 184688253.60625386 30094539.312632799 20351496.536891416
threshold=9.9999996826552254e-21 9.9999996826552254e-21 39.218085714285699 9.9999996826552254e-21 34.989824285714249 41.8946928571429
decision_type=2 2 2 2 2 2
left_child=1 2 3 4 -1 -4
right_child=-2 -3 5 -5 -6 -7
leaf_value=100 -100 -100 90.58954436063766 100 100 24.043809000651041
leaf_count=20 26 24 20 30 25 27
internal_value=0 1873.950400763995 3686.1519752643148 5339.880885035197 6621.1589053683811 1047.2228639278005
internal_count=172 146 122 75 45 47
shrinkage=0.05


Tree=10
num_leaves=7
num_cat=0
split_feature=1 7 8 8 8 8
split_gain=4490468774.4773922 2611243883.9131951 199692129.86751699 225556842.16576791 134151658.51041245 60471817.576649904
threshold=9.9999996826552254e-21 9.9999996826552254e-21 37.352954999999994 33.744308571428547 36.382121428571402 40.412230714285698
decision_type=2 2 2 2 2 2
left_child=1 2 3 -1 -5 -4
right_child=-2 -3 5 4 -6 -7
leaf_value=100 -100 -100 83.747669991202983 100 100 100
leaf_count=21 28 24 23 26 22 28
internal_value=0 2472.4856315453849 4376.8825483004248 5485.9306791001472 6681.8241262435913 2876.4056654537426
internal_count=172 144 120 69 48 51
shrinkage=0.05


Tree=11
num_leaves=7
num_cat=0
split_feature=1 7 8 8 8 8
split_gain=4384635703.6897278 2522031841.1946416 198571942.32171631 225556842.08691096 134151658.51627851 59576942.079943657
threshold=9.9999996826552254e-21 9.9999996826552254e-21 37.352954999999994 33.744308571428547 36.382121428571402 40.412230714285698
decision_type=2 2 2 2 2 2
left_child=1 2 3 -1 -5 -4
right_child=-2 -3 5 4 -6 -7
leaf_value=100 -100 -100 79.560283345761505 100 100 100
leaf_count=21 28 24 23 26 22 28
internal_value=0 2408.414813213878 4279.9975663026171 5385.9306793489322 6581.824126283328 2783.7351192399569
internal_count=172 144 120 69 48 51
shrinkage=0.05


Tree=12
num_leaves=7
num_cat=0
split_feature=1 7 8 8 8 8
split_gain=4280488438.2617049 2434724559.07552 197167598.5884943 225556842.11884475 134151658.45494962 58460962.223454535
threshold=9.9999996826552254e-21 9.9999996826552254e-21 37.352954999999994 33.744308571428547 36.382121428571402 40.412230714285698
decision_type=2 2 2 2 2 2
left_child=1 2 3 -1 -5 -4
right_child=-2 -3 5 4 -6 -7
leaf_value=100 -100 -100 75.582275755509087 100 100 100
leaf_count=21 28 24 23 26 22 28
internal_value=0 2345.0128450393677 4183.9152044932043 5285.9306795424309 6481.8241265614824 2692.9530911913107
internal_count=172 144 120 69 48 51
shrinkage=0.05


Tree=13
num_leaves=7
num_cat=0
split_feature=1 7 8 8 8 8
split_gain=4177990630.5106053 2349285717.8196855 195496489.76360941 225556842.78619623 134151658.45494962 57141633.181396842
threshold=9.9999996826552254e-21 9.9999996826552254e-21 37.352954999999994 33.744308571428547 36.382121428571402 40.412230714285698
decision_type=2 2 2 2 2 2
left_child=1 2 3 -1 -5 -4
right_child=-2 -3 5 4 -6 -7
leaf_value=100 -100 -100 71.803157176142165 100 100 100
leaf_count=21 28 24 23 26 22 28
internal_value=0 2282.2462145487466 4088.5952479044595 5185.9306777732963 6381.8241265614824 2603.9649604348574
internal_count=172 144 120 69 48 51
shrinkage=0.05


Tree=14
num_leaves=7
num_cat=0
split_feature=1 5 3 2 6 8
split_gain=4077108144.7957258 271030556.78447914 336360643.24119371 491447783.60368431 521237478.54855686 111740954.49066663
threshold=9.9999996826552254e-21 9.9999996826552254e-21 9.9999996826552254e-21 9.9999996826552254e-21 9.9999996826552254e-21 37.186257142857102
decision_type=2 2 2 2 2 2
left_child=1 2 3 4 5 -1
right_child=-2 -3 -4 -5 -6 -7
leaf_value=-49.969975535074873 -100 100 100 100 100 -100
leaf_count=24 28 23 26 24 24 23
internal_value=0 2220.0832198460898 1621.9483583308449 749.71082008763358 -572.660234048333 -2508.8384750041555
internal_count=172 144 121 95 71 47
shrinkage=0.05


Tree=15
num_leaves=6
num_cat=0
split_feature=1 7 8 11 8
split_gain=3573253356.6467276 2236387918.1113691 538336407.30178428 185428036.83292413 77774934.400893673
threshold=9.9999996826552254e-21 9.9999996826552254e-21 37.352954999999994 9.9999996826552254e-21 41.8946928571429
decision_type=2 2 2 2 2
left_child=1 2 3 -1 -4
right_child=-2 -3 4 -5 -6
leaf_value=100 -100 -100 100 100 -11.675909667968751
leaf_count=38 27 24 31 27 25
internal_value=0 1602.2045245992726 3351.2556460041646 5309.0700796274041 1078.7924641200475
internal_count=172 145 121 65 56
shrinkage=0.05


Tree=16
num_leaves=6
num_cat=0
split_feature=1 7 8 11 8
split_gain=3489537569.8518872 2162127107.2843642 525722208.43673992 185428036.83674622 70619857.283771068
threshold=9.9999996826552254e-21 9.9999996826552254e-21 37.352954999999994 9.9999996826552254e-21 41.8946928571429
decision_type=2 2 2 2 2
left_child=1 2 3 -1 -4
right_child=-2 -3 4 -5 -6
leaf_value=100 -100 -100 100 100 -11.092114135742188
leaf_count=38 27 24 31 27 25
internal_value=0 1554.56244358852 3274.3291832711084 5209.0700796127321 1028.6477857317243
internal_count=172 145 121 65 56
shrinkage=0.05


Tree=17
num_leaves=6
num_cat=0
split_feature=1 5 8 8 8
split_gain=3406758037.1976352 511212164.02879035 466286685.5187822 168266109.2190184 81472252.664939702
threshold=9.9999996826552254e-21 9.9999996826552254e-21 37.186257142857102 34.989824285714249 41.8946928571429
decision_type=2 2 2 2 2
left_child=1 2 3 -1 -4
right_child=-2 -3 4 -5 -6
leaf_value=30.672989400227863 -100 100 -13.813735302074537 100 -100
leaf_count=24 27 22 37 37 25
internal_value=0 1506.8196861530173 712.71936233644567 2675.6496622054301 -1218.55077140562
internal_count=172 145 123 61 62
shrinkage=0.05


Tree=18
num_leaves=6
num_cat=0
split_feature=1 7 5 11 10
split_gain=3337497017.990036 2077767679.8261924 192962493.00907302 76204385.329673529 13155192.607823968
threshold=9.9999996826552254e-21 9.9999996826552254e-21 9.9999996826552254e-21 9.9999996826552254e-21 9.9999996826552254e-21
decision_type=2 2 2 2 2
left_child=1 2 3 4 -1
right_child=-2 -3 -4 -5 -6
leaf_value=100 -100 -100 100 73.040396017777297 100
leaf_count=40 27 24 22 38 21
internal_value=0 1481.8193974988214 3167.7023836246208 2572.4001546532218 3264.8674481501344
internal_count=172 145 121 99 61
shrinkage=0.05


Tree=19
num_leaves=6
num_cat=0
split_feature=1 7 8 11 8
split_gain=3249972824.064414 2000359910.4091411 488143547.89160752 184036622.82134581 59571782.107393354
threshold=9.9999996826552254e-21 9.9999996826552254e-21 37.352954999999994 9.9999996826552254e-21 41.8946928571429
decision_type=2 2 2 2 2
left_child=1 2 3 -1 -4
right_child=-2 -3 4 -5 -6
leaf_value=100 -100 -100 91.922952073620209 100 -11.813994995117188
leaf_count=38 27 24 31 27 25
internal_value=0 1421.9881183492726 3076.1690325776408 4940.4803100585941 912.23629978724887
internal_count=172 145 121 65 56
shrinkage=0.05


Tree=20
num_leaves=7
num_cat=0
split_feature=1 7 8 11 8 8
split_gain=2778729704.174727 2378735414.8160925 304199284.15339231 188638772.48162174 69432249.463975668 34638427.82859116
threshold=9.9999996826552254e-21 9.9999996826552254e-21 39.218085714285699 9.9999996826552254e-21 35.5507285714286 42.791087857142898
decision_type=2 2 2 2 2 2
left_child=1 2 3 4 -1 -4
right_child=-2 -3 5 -5 -6 -7
leaf_value=100 -100 -100 13.609650213068182 100 100 100
leaf_count=21 22 28 22 36 23 20
internal_value=0 1409.6140607706707 3317.3863664220589 4461.5254735946655 5850.5035774924536 1138.0737813313801
internal_count=172 150 122 80 44 42
shrinkage=0.05


Tree=21
num_leaves=7
num_cat=0
split_feature=1 3 2 8 8 8
split_gain=2709894468.5914536 294091662.46943736 369369018.70131856 321312005.12592852 170031462.24886623 103221391.75133476
threshold=9.9999996826552254e-21 9.9999996826552254e-21 9.9999996826552254e-21 37.490297142857145 35.512986428571402 40.9888607142857
decision_type=2 2 2 2 2 2
left_child=1 2 3 4 -1 -5
right_child=-2 -3 -4 5 -6 -7
leaf_value=-17.774019209543862 -100 100 100 -100 100 -37.543308040073946
leaf_count=24 22 24 26 20 28 28
internal_value=0 1359.6179787508647 748.51264403358334 -124.52231436729431 1597.673078261889 -1990.2339897155762
internal_count=172 150 126 100 52 48
shrinkage=0.05


Tree=22
num_leaves=7
num_cat=0
split_feature=1 7 3 5 2 6
split_gain=2651468687.1290383 2266161757.7245054 48572380.434593916 65341244.178034425 106326245.60892296 10377394.692728952
threshold=9.9999996826552254e-21 9.9999996826552254e-21 9.9999996826552254e-21 9.9999996826552254e-21 9.9999996826552254e-21 9.9999996826552254e-21
decision_type=2 2 2 2 2 2
left_child=1 2 3 4 5 -1
right_child=-2 -3 -4 -5 -6 -7
leaf_value=50.068411818794587 -100 -100 100 100 100 97.565310327903092
leaf_count=23 22 28 24 26 26 23
internal_value=0 1330.8032213052113 3192.8857445286922 2880.632211018582 2389.9491252303123 1476.3372214669766
internal_count=172 150 122 98 72 46
shrinkage=0.05


Tree=23
num_leaves=7
num_cat=0
split_feature=1 3 5 2 6 8
split_gain=2582171745.6611528 273112820.93323469 390420316.0806421 595427661.96058452 411255932.91088295 167309576.85276002
threshold=9.9999996826552254e-21 9.9999996826552254e-21 9.9999996826552254e-21 9.9999996826552254e-21 9.9999996826552254e-21 37.259647857142852
decision_type=2 2 2 2 2 2
left_child=1 2 3 4 5 -1
right_child=-2 -3 -4 -5 -6 -7
leaf_value=-62.0700065612793 -100 100 100 100 92.687044143676758 -100
leaf_count=23 22 24 26 26 23 28
internal_value=0 1276.1660490671793 687.26034240117144 -210.30816398620607 -1656.6978544286781 -3239.836892819872
internal_count=172 150 126 100 74 51
shrinkage=0.05


Tree=24
num_leaves=7
num_cat=0
split_feature=1 8 8 8 8 8
split_gain=2521679386.2414207 251421816.16752583 354090324.1135276 119094038.42522454 33694305.7509882 68515849.490678936
threshold=9.9999996826552254e-21 37.490297142857145 33.56817428571425 36.382121428571402 43.8824892857143 39.528416428571447
decision_type=2 2 2 2 2 2
left_child=1 2 -1 -4 5 -3
right_child=-2 4 3 -5 -6 -7
leaf_value=-56.160234614780975 -100 33.128683617001492 100 100 41.781903284246276 -89.379412841796878
leaf_count=21 22 21 31 30 22 25
internal_value=0 1239.4714338684082 2418.4431333774473 3637.6989422157162 -182.22973318660959 -669.03607177734375
internal_count=172 150 82 61 68 46
shrinkage=0.05


Tree=25
num_leaves=6
num_cat=0
split_feature=1 7 8 8 8
split_gain=2874399973.5363541 1389162431.3140113 296612305.48836756 217029454.62244356 30287475.027445659
threshold=9.9999996826552254e-21 9.9999996826552254e-21 37.352954999999994 34.455132142857153 41.674525000000003
decision_type=2 2 2 2 2
left_child=1 2 3 -1 -4
right_child=-2 -3 4 -5 -6
leaf_value=81.58628544410071 -100 -100 73.07550387382507 100 1.1685861093026622
leaf_count=24 29 24 32 36 27
internal_value=0 995.76206771477121 2395.4803536519285 3961.0467184384665 803.37896573341504
internal_count=172 143 119 60 59
shrinkage=0.05


Tree=26
num_leaves=6
num_cat=0
split_feature=1 7 5 3 9
split_gain=2801858922.8001723 1334209571.2999816 173760553.07811809 130473352.05542266 140321596.96126658
threshold=9.9999996826552254e-21 9.9999996826552254e-21 9.9999996826552254e-21 9.9999996826552254e-21 9.9999996826552254e-21
decision_type=2 2 2 2 2
left_child=1 2 3 4 -1
right_child=-2 -3 -4 -5 -6
leaf_value=-4.3603819710867748 -100 -100 100 100 100
leaf_count=42 29 24 22 22 33
internal_value=0 957.10443984878646 2328.8581621827198 1753.3816699785057 1125.2426802571615
internal_count=172 143 119 97 75
shrinkage=0.05


Tree=27
num_leaves=6
num_cat=0
split_feature=1 7 8 8 8
split_gain=2731720636.287138 1281470986.4956579 286075592.65643275 214975555.57213855 27353782.442274861
threshold=9.9999996826552254e-21 9.9999996826552254e-21 37.352954999999994 34.455132142857153 41.674525000000003
decision_type=2 2 2 2 2
left_child=1 2 3 -1 -4
right_child=-2 -3 4 -5 -6
leaf_value=74.246307118733725 -100 -100 66.378487277030942 100 -1.9572419343171299
leaf_count=24 29 24 32 36 27
internal_value=0 921.32218933105469 2265.6912540467847 3803.1989669799805 702.12408835200938
internal_count=172 143 119 60 59
shrinkage=0.05


Tree=28
num_leaves=6
num_cat=0
split_feature=5 3 2 6 9
split_gain=788126221.14187622 760301072.22256863 807789216.26855886 916942665.50874639 56233163.057090759
threshold=9.9999996826552254e-21 9.9999996826552254e-21 9.9999996826552254e-21 9.9999996826552254e-21 9.9999996826552254e-21
decision_type=2 2 2 2 2
left_child=1 2 3 4 -1
right_child=-2 -3 -4 -5 -6
leaf_value=-100 100 100 100 94.338207036798664 -100
leaf_count=45 22 22 24 22 37
internal_value=0 -1705.6513924153646 -2639.0207254886627 -3845.8143078730654 -5383.8231599389055
internal_count=172 150 128 104 82
shrinkage=0.05


Tree=29
num_leaves=6
num_cat=0
split_feature=1 7 8 8 8
split_gain=2599728512.6054077 1183327685.9536669 271692837.18599105 212664203.90471566 23273303.026618604
threshold=9.9999996826552254e-21 9.9999996826552254e-21 37.352954999999994 34.455132142857153 41.674525000000003
decision_type=2 2 2 2 2
left_child=1 2 3 -1 -4
right_child=-2 -3 4 -5 -6
leaf_value=67.271431922912598 -100 -100 60.300141480565074 100 -2.7328837076822921
leaf_count=24 29 24 32 36 27
internal_value=0 860.98219076570092 2152.845709552284 3651.2051015218099 629.09039568496962
internal_count=172 143 119 60 59
shrinkage=0.05


Tree=30
num_leaves=6
num_cat=0
split_feature=1 7 8 9 9
split_gain=2363844413.4532242 1461514040.8381934 404225515.34711468 174835949.43667674 108272744.13800824
threshold=9.9999996826552254e-21 9.9999996826552254e-21 37.352954999999994 9.9999996826552254e-21 9.9999996826552254e-21
decision_type=2 2 2 2 2
left_child=1 2 3 -1 -4
right_child=-2 -3 4 -5 -6
leaf_value=100 -100 -100 -34.938384573800221 100 100
leaf_count=33 26 24 35 29 25
internal_value=0 883.59847222942199 2286.8992749198537 4077.5534794715145 436.55659688313801
internal_count=172 146 122 62 60
shrinkage=0.05


Tree=31
num_leaves=5
num_cat=0
split_feature=1 7 9 10
split_gain=2302678324.8646064 1406809806.7767987 301526108.71708655 23747588.527264014
threshold=9.9999996826552254e-21 9.9999996826552254e-21 9.9999996826552254e-21 9.9999996826552254e-21
decision_type=2 2 2 2
left_child=1 2 3 -1
right_child=-2 -3 -4 -5
leaf_value=22.159649483362834 -100 -100 100 87.00795042514801
leaf_count=48 26 24 54 20
internal_value=0 848.82343288317122 2225.6111130792588 824.65358344246363
internal_count=172 146 122 68
shrinkage=0.05


Tree=32
num_leaves=6
num_cat=0
split_feature=1 7 8 9 9
split_gain=2240100136.5083604 1351187295.7048717 386149134.82449055 168842468.47789478 93385394.204375207
threshold=9.9999996826552254e-21 9.9999996826552254e-21 37.352954999999994 9.9999996826552254e-21 9.9999996826552254e-21
decision_type=2 2 2 2 2
left_child=1 2 3 -1 -4
right_child=-2 -3 4 -5 -6
leaf_value=100 -100 -100 -35.225849881853378 100 91.300529663085939
leaf_count=33 26 24 35 29 25
internal_value=0 809.07123941917939 2158.3666843351771 3908.5252512039679 349.86949857076007
internal_count=172 146 122 62 60
shrinkage=0.05


Tree=33
num_leaves=5
num_cat=0
split_feature=1 7 9 10
split_gain=2181251051.9812756 1299210462.0823302 278300669.43571401 21334303.187725767
threshold=9.9999996826552254e-21 9.9999996826552254e-21 9.9999996826552254e-21 9.9999996826552254e-21
decision_type=2 2 2 2
left_child=1 2 3 -1
right_child=-2 -3 -4 -5
leaf_value=19.573174047470093 -100 -100 100 81.038200874328624
leaf_count=48 26 24 54 20
internal_value=0 775.85474280788469 2098.9436617991964 753.02246228386377
internal_count=172 146 122 68
shrinkage=0.05


Tree=34
num_leaves=7
num_cat=0
split_feature=1 5 3 6 2 8
split_gain=2121078458.601877 296860411.21092427 317796810.23600888 317982775.84926414 422192794.14040875 291694475.24102986
threshold=9.9999996826552254e-21 9.9999996826552254e-21 9.9999996826552254e-21 9.9999996826552254e-21 9.9999996826552254e-21 36.734390000000005
decision_type=2 2 2 2 2 2
left_child=1 2 3 4 5 -1
right_child=-2 -3 -4 -5 -6 -7
leaf_value=-35.122555840533714 -100 100 100 100 99.318324207124263 -100
leaf_count=23 26 28 21 25 21 28
internal_value=0 737.77065402514313 43.165939848301775 -720.41933275989652 -1787.3094374338787 -3341.1759933770873
internal_count=172 146 118 97 72 51
shrinkage=0.05


Tree=35
num_leaves=7
num_cat=0
split_feature=1 7 8 8 8 8
split_gain=2321423283.1030717 1413956109.4550035 168019438.54851651 208643279.98965311 65889444.680454105 63635021.707067728
threshold=9.9999996826552254e-21 9.9999996826552254e-21 39.218085714285699 33.860681428571397 42.116956428571449 36.382121428571402
decision_type=2 2 2 2 2 2
left_child=1 2 3 -1 -4 -5
right_child=-2 -3 4 5 -6 -7
leaf_value=45.310718189586296 -100 -100 -4.8811266028362779 100 100 100
leaf_count=22 26 24 23 22 21 34
internal_value=0 1253.9038235390024 2634.1839723430694 3515.595824608436 1071.6811433271928 4540.7099699292867
internal_count=172 146 122 78 44 56
shrinkage=0.05


Tree=36
num_leaves=6
num_cat=0
split_feature=1 5 8 8 8
split_gain=2257424811.4965234 226000291.86775756 221414247.33445826 138074356.59079584 35535715.097156823
threshold=9.9999996826552254e-21 9.9999996826552254e-21 39.491722142857149 34.219238571428598 37.018510714285696
decision_type=2 2 2 2 2
left_child=1 2 3 -1 -5
right_child=-2 -3 -4 4 -6
leaf_value=-23.410680687945824 -100 100 -65.825998268127449 100 73.960052490234375
leaf_count=23 26 29 40 32 22
internal_value=0 1211.5437465301932 592.12529213408118 1583.6293220024604 2457.5624242711951
internal_count=172 146 117 77 54
shrinkage=0.05


Tree=37
num_leaves=7
num_cat=0
split_feature=1 7 8 8 8 8
split_gain=2199234181.8355193 1347068195.2547431 151367834.19701719 192731360.26911509 63337252.243358612 61191897.482220508
threshold=9.9999996826552254e-21 9.9999996826552254e-21 39.218085714285699 33.860681428571397 36.382121428571402 42.116956428571449
decision_type=2 2 2 2 2 2
left_child=1 2 3 -1 -5 -4
right_child=-2 -3 5 4 -6 -7
leaf_value=42.813321685791017 -100 -100 -4.1164837381114134 100 100 100
leaf_count=22 26 24 23 22 34 21
internal_value=0 1180.340756141976 2527.577964657643 3364.1742272010215 4349.4237174987793 1044.5209537852895
internal_count=172 146 122 78 56 44
shrinkage=0.05


Tree=38
num_leaves=7
num_cat=0
split_feature=1 5 3 2 6 9
split_gain=2137065827.8901703 209093478.3728177 190150362.2812224 239793636.50450501 321041615.73545206 1639118.8335296512
threshold=9.9999996826552254e-21 9.9999996826552254e-21 9.9999996826552254e-21 9.9999996826552254e-21 9.9999996826552254e-21 9.9999996826552254e-21
decision_type=2 2 2 2 2 2
left_child=1 2 3 4 5 -1
right_child=-2 -3 -4 -5 -6 -7
leaf_value=-100 -100 100 100 100 91.784955244797928 -100
leaf_count=20 26 29 25 20 26 26
internal_value=0 1138.2365310877969 542.43737479967945 -122.11886231795602 -973.00933880276148 -2560.5401982846465
internal_count=172 146 117 92 72 46
shrinkage=0.05


Tree=39
num_leaves=7
num_cat=0
split_feature=1 7 8 8 8 8
split_gain=2078606890.8581641 1240065131.8043985 142738700.03390634 186101595.26364768 64397215.911918759 55285354.860735074
threshold=9.9999996826552254e-21 9.9999996826552254e-21 39.218085714285699 33.860681428571397 36.382121428571402 42.116956428571449
decision_type=2 2 2 2 2 2
left_child=1 2 3 -1 -5 -4
right_child=-2 -3 5 4 -6 -7
leaf_value=37.166985459761186 -100 -100 -5.7957495647927999 100 100 100
leaf_count=22 26 24 23 22 34 21
internal_value=0 1102.7131917248034 2395.3351396654475 3207.7352807460688 4175.8906838553294 955.1712532043457
internal_count=172 146 122 78 56 44
shrinkage=0.05


Tree=40
num_leaves=7
num_cat=0
split_feature=1 7 8 8 9 8
split_gain=1670848808.9810302 857658439.31131268 270670666.07738334 129615998.03076136 65188987.379983589 27399864.205067784
threshold=9.9999996826552254e-21 9.9999996826552254e-21 37.186257142857102 33.860681428571397 9.9999996826552254e-21 40.096659285714296
decision_type=2 2 2 2 2 2
left_child=1 2 3 -1 5 -4
right_child=-2 -3 4 -5 -6 -7
leaf_value=57.349784306117471 -100 -100 8.5099649047851553 100 72.768942260742193 -74.254556789398194
leaf_count=21 25 27 20 36 23 20
internal_value=0 396.70857347760881 1542.4583319981894 3121.3881255032725 113.90280454120939 -657.44591884613033
internal_count=172 147 120 57 63 40
shrinkage=0.05


Tree=41
num_leaves=7
num_cat=0
split_feature=7 5 3 2 6 8
split_gain=440142555.28417879 294328310.87796062 360326963.22724503 468596439.46224487 751655444.96859384 306706727.5188992
threshold=9.9999996826552254e-21 9.9999996826552254e-21 9.9999996826552254e-21 9.9999996826552254e-21 9.9999996826552254e-21 36.979718571428599
decision_type=2 2 2 2 2 2
left_child=1 2 3 4 5 -1
right_child=-2 -3 -4 -5 -6 -7
leaf_value=-100 -100 100 100 100 67.545105702788746 -100
leaf_count=21 27 20 27 23 27 27
internal_value=0 -198.12220621437862 -768.01348284149174 -1659.1868898722589 -2870.1188471349083 -5244.4431378046675
internal_count=172 145 125 98 75 48
shrinkage=0.05


Tree=42
num_leaves=6
num_cat=0
split_feature=1 7 8 8 11
split_gain=1580369060.2876928 777831331.30134594 254302747.21020225 127212510.72513545 47893565.862349749
threshold=9.9999996826552254e-21 9.9999996826552254e-21 37.186257142857102 33.860681428571397 9.9999996826552254e-21
decision_type=2 2 2 2 2
left_child=1 2 3 -1 -4
right_child=-2 -3 4 -5 -6
leaf_value=50.975592549641931 -100 -100 38.379318839625306 100 -50.728756423950195
leaf_count=21 25 27 38 36 25
internal_value=0 353.94082293867251 1445.0678366978964 2975.5129175018847 60.379430256192649
internal_count=172 147 120 57 63
shrinkage=0.05


Tree=43
num_leaves=7
num_cat=0
split_feature=1 5 2 8 8 9
split_gain=1538496861.0608594 192070986.08104834 144446268.79292622 250841858.93437538 72482245.848742932 70002365.375977904
threshold=9.9999996826552254e-21 9.9999996826552254e-21 9.9999996826552254e-21 37.186257142857102 34.219238571428598 9.9999996826552254e-21
decision_type=2 2 2 2 2 2
left_child=1 2 3 4 -1 -5
right_child=-2 -3 -4 5 -6 -7
leaf_value=-20.840759313674202 -100 100 100 -100 100 -41.867953523000082
leaf_count=21 25 20 23 30 29 24
internal_value=0 339.24229807432005 -114.37055629820335 -615.90244509623597 998.06664611816404 -2110.3182702947547
internal_count=172 147 127 104 50 54
shrinkage=0.05


Tree=44
num_leaves=7
num_cat=0
split_feature=1 7 8 8 9 8
split_gain=1495734857.3492281 733761163.10352695 226739106.41072464 117053935.70361465 54229015.535459727 22078754.738407306
threshold=9.9999996826552254e-21 9.9999996826552254e-21 37.186257142857102 33.860681428571397 9.9999996826552254e-21 40.096659285714296
decision_type=2 2 2 2 2 2
left_child=1 2 3 -1 5 -4
right_child=-2 -3 4 -5 -6 -7
leaf_value=47.454836418515164 -100 -100 5.6088317871093754 100 64.813859060536274 -68.685775585174568
leaf_count=21 25 27 20 36 23 20
internal_value=0 320.48371373390665 1380.2496412277221 2825.3747245387026 72.755518232073101 -630.7694379806519
internal_count=172 147 120 57 63 40
shrinkage=0.05


Tree=45
num_leaves=7
num_cat=0
split_feature=1 7 4 8 11 8
split_gain=1365262076.9962134 636125034.27806342 345019589.86409682 283392347.73057598 80961390.223384798 37455856.770250648
threshold=9.9999996826552254e-21 9.9999996826552254e-21 9.9999996826552254e-21 37.352954999999994 9.9999996826552254e-21 41.674525000000003
decision_type=2 2 2 2 2 2
left_child=1 2 3 4 -1 -5
right_child=-2 -3 -4 5 -6 -7
leaf_value=100 -100 -100 100 -3.1098932266235355 47.21797887628729 -89.047483244396403
leaf_count=36 21 20 20 32 22 21
internal_value=0 815.19246547269506 1617.169847211765 928.29593555347344 2455.7090254158811 -743.21272882425558
internal_count=172 151 131 111 58 53
shrinkage=0.05


Tree=46
num_leaves=7
num_cat=0
split_feature=4 5 3 2 6 7
split_gain=704464882.55791938 476355547.84369385 644920732.23759961 875353213.35345268 917458670.71154571 242549503.19918251
threshold=9.9999996826552254e-21 9.9999996826552254e-21 9.9999996826552254e-21 9.9999996826552254e-21 9.9999996826552254e-21 9.9999996826552254e-21
decision_type=2 2 2 2 2 2
left_child=1 2 3 4 5 -1
right_child=-2 -3 -4 -5 -6 -7
leaf_value=-100 100 100 100 92.61661845615933 33.66171424172142 -100
leaf_count=31 20 29 22 28 22 20
internal_value=0 -972.88981334786661 -1832.477653038211 -2901.1664753149053 -4724.4263060582825 -7052.8289138943537
internal_count=172 152 123 101 73 51
shrinkage=0.05


Tree=47
num_leaves=7
num_cat=0
split_feature=1 7 4 8 11 8
split_gain=1281885203.82021 573122999.23403645 328554392.47083259 257689935.23442718 77871329.305784106 32516384.913493611
threshold=9.9999996826552254e-21 9.9999996826552254e-21 9.9999996826552254e-21 37.352954999999994 9.9999996826552254e-21 41.674525000000003
decision_type=2 2 2 2 2 2
left_child=1 2 3 4 -1 -5
right_child=-2 -3 -4 5 -6 -7
leaf_value=100 -100 -100 100 -6.1053758621215826 40.577615633877848 -86.176224336170023
leaf_count=36 21 20 20 32 22 21
internal_value=0 748.28447875597624 1509.5125495459288 837.27696269267312 2293.7792695144126 -756.63122213111728
internal_count=172 151 131 111 58 53
shrinkage=0.05


Tree=48
num_leaves=8
num_cat=0
split_feature=1 4 3 2 8 9 8
split_gain=1246324107.2201664 448062920.72507924 218635437.18897581 191768241.47270125 217905751.43757847 47901112.845514178 13665234.04108374
threshold=9.9999996826552254e-21 9.9999996826552254e-21 9.9999996826552254e-21 9.9999996826552254e-21 37.352954999999994 9.9999996826552254e-21 35.329510714285703
decision_type=2 2 2 2 2 2 2
left_child=1 2 3 4 6 -6 -1
right_child=-2 -3 -4 -5 5 -7 -8
leaf_value=-11.271992797851563 -100 100 100 86.717173767089847 -100 -93.33606305803572 47.177203178405762
leaf_count=20 21 20 22 28 20 21 20
internal_value=0 731.81007996615983 58.739854535983717 -521.65388768747312 -1301.5048279938874 -2921.5603712128432 359.052103805542
internal_count=172 151 131 109 81 41 40
shrinkage=0.05


Tree=49
num_leaves=7
num_cat=0
split_feature=1 7 4 5 3 2
split_gain=1209485514.0707526 534656379.61700451 305188695.77675045 126440280.25959221 214711914.89119497 319116834.99873501
threshold=9.9999996826552254e-21 9.9999996826552254e-21 9.9999996826552254e-21 9.9999996826552254e-21 9.9999996826552254e-21 9.9999996826552254e-21
decision_type=2 2 2 2 2 2
left_child=1 2 3 4 5 -1
right_child=-2 -3 -4 -5 -6 -7
leaf_value=-100 -100 -100 100 100 100 82.381310762677884
leaf_count=32 21 20 20 29 22 28
internal_value=0 709.38539103324842 1444.6239124327215 796.73271082972622 162.02568128632336 -817.81814727783205
internal_count=172 151 131 111 82 60
shrinkage=0.05


Tree=50
num_leaves=6
num_cat=0
split_feature=5 3 6 8 8
split_gain=424503230.70207709 471436126.18788433 332412140.23324931 79810902.521289229 53795703.865174592
threshold=9.9999996826552254e-21 9.9999996826552254e-21 9.9999996826552254e-21 39.528416428571447 35.5507285714286
decision_type=2 2 2 2 2
left_child=1 2 3 4 -1
right_child=-2 -3 -4 -5 -6
leaf_value=-100 100 100 49.803572631835941 -100 -78.656534380231591
leaf_count=27 24 24 25 37 35
internal_value=0 -1476.9183439435185 -2262.109411424206 -3084.8823568941366 -2391.2672699959048
internal_count=172 148 124 99 62
shrinkage=0.05


Tree=51
num_leaves=6
num_cat=0
split_feature=1 7 8 8 8
split_gain=1498881448.2751157 725666659.1182065 78792261.41717881 182294164.76835418 37001053.219286337
threshold=9.9999996826552254e-21 9.9999996826552254e-21 37.490297142857145 34.455132142857153 43.8824892857143
decision_type=2 2 2 2 2
left_child=1 2 3 -1 -4
right_child=-2 -3 4 -5 -6
leaf_value=3.5920904408330503 -100 -100 3.0238499959309895 100 86.536752428327304
leaf_count=23 30 23 36 39 21
internal_value=0 530.64523433631575 1524.4815221193458 2304.6885986328125 675.83522836785562
internal_count=172 142 119 62 57
shrinkage=0.05


Tree=52
num_leaves=6
num_cat=0
split_feature=1 7 8 8 8
split_gain=1450942957.8029673 690700378.53009796 75874452.526939839 172526493.57417524 33393452.733935498
threshold=9.9999996826552254e-21 9.9999996826552254e-21 37.490297142857145 34.455132142857153 43.8824892857143
decision_type=2 2 2 2 2
left_child=1 2 3 -1 -4
right_child=-2 -3 4 -5 -6
leaf_value=3.4124824192212979 -100 -100 2.8726587931315106 100 82.209918721516942
leaf_count=23 30 23 36 39 21
internal_value=0 505.23151806038868 1474.8281810343767 2240.4527959515972 642.04351217704902
internal_count=172 142 119 62 57
shrinkage=0.05


Tree=53
num_leaves=7
num_cat=0
split_feature=1 7 8 8 8 8
split_gain=1404047365.1252234 656787357.3403573 76083682.815089732 235590809.18679762 16626860.02433788 53316205.804298766
threshold=9.9999996826552254e-21 9.9999996826552254e-21 36.382121428571402 34.219238571428598 39.491722142857149 43.8824892857143
decision_type=2 2 2 2 2 2
left_child=1 2 3 -1 -4 -6
right_child=-2 -3 4 -5 5 -7
leaf_value=1.2342620086669922 -100 -100 67.90289443520939 100 -33.282024036754265 78.099424634660991
leaf_count=20 30 23 34 22 22 21
internal_value=0 480.52510629573339 1426.0188452456177 2508.6811094738187 835.47579203023543 422.27134349734285
internal_count=172 142 119 42 77 43
shrinkage=0.05


Tree=54
num_leaves=7
num_cat=0
split_feature=1 7 8 8 9 8
split_gain=1358870332.7271471 624404545.80574393 75068988.197606742 225879651.05399486 82678261.015581518 7090872.3358268635
threshold=9.9999996826552254e-21 9.9999996826552254e-21 36.382121428571402 34.219238571428598 9.9999996826552254e-21 39.528416428571447
decision_type=2 2 2 2 2 2
left_child=1 2 3 -1 5 -4
right_child=-2 -3 4 -5 -6 -7
leaf_value=1.1725502014160156 -100 -100 13.138893540700279 100 99.51105809067235 -27.17229072570801
leaf_count=20 30 23 24 22 33 20
internal_value=0 458.40348783681088 1380.2938892781233 2455.7124255952381 793.701960377879 -103.68744069879705
internal_count=172 142 119 42 77 44
shrinkage=0.05



feature importances:
trend=118
xf1=48
xf7=42
xf5=19
xf2=16
xf3=16
sunny=16
rainy=13
xf6=12
xf4=5
cloudy=3

pandas_categorical:[]