tree
num_class=1
num_tree_per_iteration=1
label_index=0
max_feature_idx=12
objective=regression
feature_names=holiday xf1 xf2 xf3 xf4 xf5 xf6 xf7 trend sunny cloudy rainy snowy
feature_infos=none [0:1] [0:1] [0:1] [0:1] [0:1] [0:1] [0:1] [5.5400985714285707:45.892437142857105] [0:1] [0:1] [0:1] none

Tree=0
num_leaves=7
num_cat=0
split_feature=8 7 8 11 8 9
split_gain=847995837.70230317 233176944.11423647 212236201.18762758 93434165.353951633 43385892.763093591 6252923.8819115758
threshold=12.5540914285714 9.9999996826552254e-21 19.7944042857143 9.9999996826552254e-21 8.6613064285714305 9.9999996826552254e-21
decision_type=2 2 2 2 2 2
left_child=4 2 3 -2 -1 -4
right_child=1 -3 5 -5 -6 -7
leaf_value=22604.057996961805 22746.705096486083 22804.057996961805 22804.057996961805 22629.335807401869 22604.057996961805 22804.057996961805
leaf_count=23 39 20 20 30 20 20
internal_value=0 1470.6768818049468 894.77340967720806 -167.66052329021952 -3657.134013686069 2727.4719440460203
internal_count=172 129 109 69 43 40
shrinkage=1


Tree=1
num_leaves=7
num_cat=0
split_feature=8 7 8 11 8 9
split_gain=801671614.75204599 224642779.33107322 196642962.56160146 84324336.238001674 43385892.767202854 6252923.8819115758
threshold=12.5540914285714 9.9999996826552254e-21 19.7944042857143 9.9999996826552254e-21 8.6613064285714305 9.9999996826552254e-21
decision_type=2 2 2 2 2 2
left_child=4 2 3 -2 -1 -4
right_child=1 -3 5 -5 -6 -7
leaf_value=-100 40.514748495053027 100 100 -70.986077461242687 -100 100
leaf_count=23 39 20 20 30 20 20
internal_value=0 1428.6492313414581 863.38289092877585 -159.27742971890214 -3557.1340136417125 2627.4719440460203
internal_count=172 129 109 69 43 40
shrinkage=0.05


Tree=2
num_leaves=7
num_cat=0
split_feature=8 7 8 11 8 9
split_gain=756578432.98131669 216299798.30713582 181701472.05746296 76102712.881783307 43385892.763093591 6252923.7853839695
threshold=12.5540914285714 9.9999996826552254e-21 19.7944042857143 9.9999996826552254e-21 8.6613064285714305 9.9999996826552254e-21
decision_type=2 2 2 2 2 2
left_child=4 2 3 -2 -1 -4
right_child=1 -3 5 -5 -6 -7
leaf_value=-100 38.489013833266043 100 100 -67.43677042643229 -100 100
leaf_count=23 39 20 20 30 20 20
internal_value=0 1386.3973810210709 831.72703135779147 -151.31349950596905 -3457.134013686069 2527.4719470977784
internal_count=172 129 109 69 43 40
shrinkage=0.05


Tree=3
num_leaves=7
num_cat=0
split_feature=8 7 8 11 8 9
split_gain=712725846.41193068 208144592.55434477 167402136.17490321 68682699.766724512 43385892.76309365 6252923.7868922055
threshold=12.5540914285714 9.9999996826552254e-21 19.7944042857143 9.9999996826552254e-21 8.6613064285714305 9.9999996826552254e-21
decision_type=2 2 2 2 2 2
left_child=4 2 3 -2 -1 -4
right_child=1 -3 5 -5 -6 -7
leaf_value=-100 36.564561584668283 100 100 -64.064934480985002 -100 100
leaf_count=23 39 20 20 30 20 20
internal_value=0 1343.932487155116 799.81903883732787 -143.74786452970642 -3357.134013686069 2427.4719471454619
internal_count=172 129 109 69 43 40
shrinkage=0.05


Tree=4
num_leaves=6
num_cat=0
split_feature=8 11 8 8 8
split_gain=673488113.77074313 256152512.52505767 146566079.83092567 24534338.528854847 1435531.1666304469
threshold=11.651502857142848 9.9999996826552254e-21 18.052045 18.281854285714299 16.035583571428546
decision_type=2 2 2 2 2
left_child=-1 3 -3 4 -2
right_child=1 2 -4 -5 -6
leaf_value=-100 93.126645812988286 -100 66.520824605768382 100 75.818003086421797
leaf_count=33 25 30 22 39 23
internal_value=0 1125.8281032781806 -630.07224273681641 2175.3317583676044 1696.6584234635036
internal_count=172 139 52 87 48
shrinkage=0.05


Tree=5
num_leaves=3
num_cat=0
split_feature=11 10
split_gain=122441245.15378782 3400077.1252569556
threshold=9.9999996826552254e-21 9.9999996826552254e-21
decision_type=2 2
left_child=1 -1
right_child=-2 -3
leaf_value=48.784103845666955 -45.119641309579215 29.312575395645634
leaf_count=81 60 31
internal_value=0 867.89325870786399
internal_count=172 112
shrinkage=0.05


Tree=6
num_leaves=7
num_cat=0
split_feature=8 11 8 8 8 8
split_gain=855172189.49047256 111910566.75390124 71054360.827328235 52055382.922742903 36174616.923413575 18029178.050165057
threshold=12.324016428571399 9.9999996826552254e-21 18.052045 19.950113571428549 17.010657857142849 8.6613064285714305
decision_type=2 2 2 2 2 2
left_child=5 3 -3 4 -2 -1
right_child=1 2 -4 -5 -6 -7
leaf_value=-100 100 -48.438456659731656 75.845895452084747 100 31.657431221008302 -100
leaf_count=23 30 23 23 31 22 20
internal_value=0 1525.1997351239818 274.07438792353094 2218.5945058615812 1607.1276073455811 -3624.263063652571
internal_count=172 129 46 83 52 43
shrinkage=0.05


Tree=7
num_leaves=7
num_cat=0
split_feature=8 11 8 8 8 8
split_gain=803636774.44807184 104200244.14493591 64126558.99458985 50232896.082406282 33305073.522221595 18029178.386918604
threshold=12.324016428571399 9.9999996826552254e-21 18.052045 19.950113571428549 17.010657857142849 8.6613064285714305
decision_type=2 2 2 2 2 2
left_child=5 3 -3 4 -2 -1
right_child=1 2 -4 -5 -6 -7
leaf_value=-100 100 -46.016537127287492 72.053595858034882 100 30.074558466131037 -100
leaf_count=23 30 23 23 31 22 20
internal_value=0 1467.6273405385573 260.3705873074739 2136.7093965461454 1536.0417539156401 -3524.2630579305251
internal_count=172 129 46 83 52 43
shrinkage=0.05


Tree=8
num_leaves=7
num_cat=0
split_feature=8 8 9 8 8 9
split_gain=753863216.01817906 80676783.612291187 72564369.93823041 18029178.431604147 11122712.439405084 27239721.107881784
threshold=12.324016428571399 18.052045 9.9999996826552254e-21 8.6613064285714305 24.335534285714299 9.9999996826552254e-21
decision_type=2 2 2 2 2 2
left_child=3 2 -2 -1 5 -3
right_child=1 4 -4 -5 -6 -7
leaf_value=-100 -16.123125746515065 53.004082305431375 90.153595549484791 -100 100 100
leaf_count=23 36 20 29 20 23 21
internal_value=0 1410.5692663488462 625.85284432631272 -3424.2630572651706 2207.5468824654818 1895.3077315121163
internal_count=172 129 65 43 64 41
shrinkage=0.05


Tree=9
num_leaves=7
num_cat=0
split_feature=8 11 8 8 8 8
split_gain=705368229.92031598 91736939.089214265 53446717.753879406 46563703.433383346 30007545.847144306 18029178.431604147
threshold=12.324016428571399 9.9999996826552254e-21 18.052045 19.950113571428549 17.010657857142849 8.6613064285714305
decision_type=2 2 2 2 2 2
left_child=5 3 -3 4 -2 -1
right_child=1 2 -4 -5 -6 -7
leaf_value=-100 100 -42.909549891430402 64.881227476700502 100 25.743752184781165 -100
leaf_count=23 30 23 23 31 22 20
internal_value=0 1352.4754535246266 219.71677585270095 1980.2694194632841 1401.9551794895758 -3324.2630572651706
internal_count=172 129 46 83 52 43
shrinkage=0.05


Tree=10
num_leaves=6
num_cat=0
split_feature=8 7 1 11 8
split_gain=661554614.01932108 177249753.81780189 93267868.139546081 58285958.091291144 3474356.038969066
threshold=11.651502857142848 9.9999996826552254e-21 9.9999996826552254e-21 9.9999996826552254e-21 19.950113571428549
decision_type=2 2 2 2 2
left_child=-1 2 3 4 -2
right_child=1 -3 -4 -5 -6
leaf_value=-100 17.541454574796887 100 100 -54.047862707602008 43.533169212341306
leaf_count=37 36 20 22 37 20
internal_value=0 808.84942092895506 330.99895507149074 -107.01401532080865 536.48419604982644
internal_count=172 135 115 93 56
shrinkage=0.05


Tree=11
num_leaves=6
num_cat=0
split_feature=8 7 1 11 8
split_gain=626702039.2854377 168009823.79274243 84882363.873806953 52603077.846318826 3203028.8272429015
threshold=11.651502857142848 9.9999996826552254e-21 9.9999996826552254e-21 9.9999996826552254e-21 17.11697142857145
decision_type=2 2 2 2 2
left_child=-1 2 3 4 -2
right_child=1 -3 -4 -5 -6
leaf_value=-100 41.526261425018312 100 100 -51.345469619132388 16.570076603359649
leaf_count=37 20 20 22 37 36
internal_value=0 781.42434705098469 316.19561167177949 -101.66330961001816 509.65999507904053
internal_count=172 135 115 93 56
shrinkage=0.05


Tree=12
num_leaves=7
num_cat=0
split_feature=8 7 1 9 8 8
split_gain=592744179.92865801 159039745.82957625 76911574.288905963 25003986.328104883 25936409.383125804 391078.02521254495
threshold=11.651502857142848 9.9999996826552254e-21 9.9999996826552254e-21 9.9999996826552254e-21 17.11697142857145 18.650997857142848
decision_type=2 2 2 2 2 2
left_child=-1 2 3 4 -2 -5
right_child=1 -3 -4 5 -6 -7
leaf_value=-100 -64.368509460449218 100 99.129961603338074 20.069975185394288 5.6985425404139924 29.957821578979491
leaf_count=37 25 20 22 20 28 20
internal_value=0 753.81498266149447 301.17592090109122 -96.580131202615718 -547.03907372816559 500.27796764373778
internal_count=172 135 115 93 53 40
shrinkage=0.05


Tree=13
num_leaves=6
num_cat=0
split_feature=8 7 1 11 8
split_gain=559723630.12981427 150319697.49864915 69412697.545530513 44566232.494398288 3167899.8502430394
threshold=11.651502857142848 9.9999996826552254e-21 9.9999996826552254e-21 9.9999996826552254e-21 17.11697142857145
decision_type=2 2 2 2 2
left_child=-1 2 3 4 -2
right_child=1 -3 -4 -5 -6
leaf_value=-100 39.501929225921629 100 94.173463578657675 -47.169418850460573 14.682974243164063
leaf_count=37 20 20 22 37 36
internal_value=0 726.17228828712746 286.11710583230723 -91.751148428968207 470.93773474012102
internal_count=172 135 115 93 56
shrinkage=0.05


Tree=14
num_leaves=6
num_cat=0
split_feature=8 9 8 8 8
split_gain=527808185.76041073 119756303.44182523 58115015.45711533 15563446.199360162 2041027.472334791
threshold=11.651502857142848 9.9999996826552254e-21 16.667287857142849 17.010657857142849 19.087796428571451
decision_type=2 2 2 2 2
left_child=-1 2 -2 -3 -4
right_child=1 3 4 -5 -6
leaf_value=-100 -65.403769138881145 100 38.011891355968658 64.470257671459294 16.451968508181363
leaf_count=37 28 26 21 37 23
internal_value=0 699.17099742182984 -181.85015047921075 1706.0523093087334 534.83863371068776
internal_count=172 135 72 63 44
shrinkage=0.05


Tree=15
num_leaves=7
num_cat=0
split_feature=8 8 9 8 8 8
split_gain=500083609.75518107 144935216.33304012 64158105.097258121 22002291.737371117 16525744.35930413 13943845.514096022
threshold=12.324016428571399 24.335534285714299 9.9999996826552254e-21 18.052045 8.6613064285714305 18.281854285714299
decision_type=2 2 2 2 2 2
left_child=4 2 3 -2 -1 -4
right_child=1 -3 5 -5 -6 -7
leaf_value=-100 -33.742867361532682 100 44.018593324933732 31.348820285797121 -100 97.916346668061763
leaf_count=23 37 21 28 20 22 21
internal_value=0 978.74597930908203 503.25551065408956 -218.07357426693565 -2900.7688517252604 1342.3526094397721
internal_count=172 127 106 57 45 49
shrinkage=0.05


Tree=16
num_leaves=7
num_cat=0
split_feature=8 8 11 8 8 8
split_gain=465253989.17380565 137489490.82274568 46930733.97125344 23083974.518197834 39488868.695099816 16525744.964403749
threshold=12.324016428571399 24.335534285714299 9.9999996826552254e-21 16.829174285714249 18.909802142857103 8.6613064285714305
decision_type=2 2 2 2 2 2
left_child=5 2 3 -2 -5 -1
right_child=1 -3 -4 4 -6 -7
leaf_value=-100 90.899909834428271 100 -20.600321819907741 -19.757948147166861 72.982524490356454 -100
leaf_count=23 22 21 38 22 24 22
internal_value=0 941.2085474569966 478.09273881732292 975.50110143773691 572.56770805690599 -2800.7688408745662
internal_count=172 127 106 68 46 45
shrinkage=0.05


Tree=17
num_leaves=7
num_cat=0
split_feature=8 8 9 8 8 8
split_gain=431933002.3594684 130119901.04423457 53743582.725112662 19203668.088492222 16525745.077859998 12487710.633271441
threshold=12.324016428571399 24.335534285714299 9.9999996826552254e-21 18.052045 8.6613064285714305 18.281854285714299
decision_type=2 2 2 2 2 2
left_child=4 2 3 -2 -1 -4
right_child=1 -3 5 -5 -6 -7
leaf_value=-100 -31.637518867286474 100 39.248700782230927 29.173694343566893 -100 90.254645356677827
leaf_count=23 37 21 28 20 22 21
internal_value=0 904.72120083786376 454.18808739140349 -206.00502148009184 -2700.7688388400607 1222.1678262827347
internal_count=172 127 106 57 45 49
shrinkage=0.05


Tree=18
num_leaves=4
num_cat=0
split_feature=11 7 9
split_gain=124297030.14143576 67550530.20176214 36224641.64682214
threshold=9.9999996826552254e-21 9.9999996826552254e-21 9.9999996826552254e-21
decision_type=2 2 2
left_child=1 2 -1
right_child=-2 -3 -4
leaf_value=55.597843907674161 -59.267576774221951 100 -11.693167422612509
leaf_count=30 61 21 60
internal_value=0 591.56976163709487 214.74339374966092
internal_count=172 111 90
shrinkage=0.05


Tree=19
num_leaves=7
num_cat=0
split_feature=8 8 9 8 8 8
split_gain=399380170.28428239 121566349.03570792 46132297.374665238 17278874.074731566 16663718.717588782 11865424.439099155
threshold=12.324016428571399 24.335534285714299 9.9999996826552254e-21 18.052045 8.6613064285714305 18.281854285714299
decision_type=2 2 2 2 2 2
left_child=4 2 3 -2 -1 -4
right_child=1 -3 5 -5 -6 -7
leaf_value=-100 -29.014948128365184 100 36.075857080732071 28.6682448387146 -98.656601992520422 85.794700840541296
leaf_count=23 37 21 28 20 22 21
internal_value=0 871.62888083870951 436.15557206351804 -175.50462595621744 -2595.3353020562067 1147.6786595558633
internal_count=172 127 106 57 45 49
shrinkage=0.05


Tree=20
num_leaves=7
num_cat=0
split_feature=8 7 8 11 8 8
split_gain=359295160.29625642 84086139.198346138 61205936.409148194 19947252.643315241 11491769.346853793 5285421.550840253
threshold=12.324016428571399 9.9999996826552254e-21 21.168689999999998 9.9999996826552254e-21 8.6613064285714305 17.11697142857145
decision_type=2 2 2 2 2 2
left_child=4 2 3 5 -1 -2
right_child=1 -3 -4 -5 -6 -7
leaf_value=-100 31.388066701889041 100 72.43395329066685 -42.187777554547353 -98.709509811401375 -3.4148417790730798
leaf_count=26 20 20 35 27 20 24
internal_value=0 721.2459130968366 366.40066085671481 -167.11686271345113 -2544.0738638172979 248.09324151819402
internal_count=172 126 106 71 46 44
shrinkage=0.05


Tree=21
num_leaves=7
num_cat=0
split_feature=8 11 8 8 8 8
split_gain=331102921.07466918 72815175.490033656 20336875.620362267 35926433.054463014 13932148.521840764 11462370.553726733
threshold=12.324016428571399 9.9999996826552254e-21 23.296565000000001 16.959112857142902 18.281854285714299 8.6613064285714305
decision_type=2 2 2 2 2 2
left_child=5 2 3 -2 -3 -1
right_child=1 4 -4 -5 -6 -7
leaf_value=-100 92.953816340519836 -46.116350139271134 100 16.260098151580706 10.820349847702753 -93.774035186767591
leaf_count=26 26 22 20 37 21 20
internal_value=0 689.96080264401814 1237.1290151613305 958.22947824190533 -366.20109593591025 -2444.6349527110224
internal_count=172 126 83 63 43 46
shrinkage=0.05


Tree=22
num_leaves=4
num_cat=0
split_feature=11 7 9
split_gain=95350870.745824367 63480397.072150312 29737789.278385267
threshold=9.9999996826552254e-21 9.9999996826552254e-21 9.9999996826552254e-21
decision_type=2 2 2
left_child=1 2 -1
right_child=-2 -3 -4
leaf_value=47.141248409564682 -56.934111090629337 98.797036997477221 -16.415606597113232
leaf_count=26 62 21 63
internal_value=0 412.04127635955808 43.031290568662492
internal_count=172 110 89
shrinkage=0.05


Tree=23
num_leaves=7
num_cat=0
split_feature=8 11 8 8 8 8
split_gain=302583108.84903878 59256393.098388538 18605968.109395429 31222275.95921392 12573764.916211778 11652775.978325129
threshold=12.324016428571399 9.9999996826552254e-21 23.296565000000001 16.959112857142902 18.281854285714299 8.6613064285714305
decision_type=2 2 2 2 2 2
left_child=5 2 3 -2 -3 -1
right_child=1 4 -4 -5 -6 -7
leaf_value=-100 86.422375899094803 -40.963828936490152 99.786460075378429 14.925836404916403 13.126037933712915 -88.04414123535156
leaf_count=26 26 22 20 37 21 20
internal_value=0 661.81102886843303 1155.4137161122746 888.64689535186403 -290.95694883479626 -2334.7448133385701
internal_count=172 126 83 63 43 46
shrinkage=0.05


Tree=24
num_leaves=6
num_cat=0
split_feature=8 11 8 8 8
split_gain=278858862.63366139 55434028.863390751 29284794.654273972 38609300.268923141 25490551.406244844
threshold=13.56514 9.9999996826552254e-21 16.959112857142902 19.303644285714299 9.5128857142857157
decision_type=2 2 2 2 2
left_child=4 2 -2 -4 -1
right_child=1 -3 3 -5 -6
leaf_value=-100 100 -11.945916293217586 -9.4376276471398111 75.091820755004889 -63.830616995004505
leaf_count=29 21 39 22 35 26
internal_value=0 734.52414135240087 1221.2453749607771 849.32839234670007 -1995.5986070112749
internal_count=172 117 78 57 55
shrinkage=0.05


Tree=25
num_leaves=7
num_cat=0
split_feature=8 8 8 8 8 8
split_gain=269715655.3336904 76582445.737197831 41295478.391449839 11931292.961010404 23317678.895162459 354442.5214446485
threshold=13.74716285714285 21.168689999999998 9.5128857142857157 16.959112857142902 18.281854285714299 26.310385714285701
decision_type=2 2 2 2 2 2
left_child=2 3 -1 -2 -5 -3
right_child=1 5 -4 4 -6 -7
leaf_value=-100 39.389531264766575 100 -48.797225341796882 -37.50754507238215 35.289930681748828 95.365367262704041
leaf_count=25 31 21 30 22 22 21
internal_value=0 918.04257624373474 -1766.9496057683771 312.6101206970215 -22.17614390633323 1999.1719611485798
internal_count=172 117 55 75 44 42
shrinkage=0.05


Tree=26
num_leaves=6
num_cat=0
split_feature=7 1 10 5 9
split_gain=141495513.86561304 52879137.535098776 51300844.161606431 1680397.9527793676 168859.64403310418
threshold=9.9999996826552254e-21 9.9999996826552254e-21 9.9999996826552254e-21 9.9999996826552254e-21 9.9999996826552254e-21
decision_type=2 2 2 2 2
left_child=1 2 3 4 -1
right_child=-2 -3 -4 -5 -6
leaf_value=-46.115813719920624 100 44.872075679384437 42.616411590576178 -32.232629508972167 -50.739455564618112
leaf_count=39 24 29 20 20 40
internal_value=0 -313.39582720640544 -608.47383462681489 -903.58536320021653 -969.13796396496934
internal_count=172 148 119 99 79
shrinkage=0.05


Tree=27
num_leaves=7
num_cat=0
split_feature=8 8 8 8 8 8
split_gain=246806248.309443 69593378.189019427 38689445.926472276 10718137.72647693 21359624.136788875 374116.37241625786
threshold=13.74716285714285 21.168689999999998 9.5128857142857157 16.959112857142902 18.281854285714299 26.310385714285701
decision_type=2 2 2 2 2 2
left_child=2 3 -1 -2 -5 -3
right_child=1 5 -4 4 -6 -7
leaf_value=-100 37.295397050919071 99.883693200065977 -46.505723368326827 -35.925835696133703 33.748119488629435 90.445720601791436
leaf_count=25 31 21 30 22 22 21
internal_value=0 872.67781912006888 -1695.753890436346 295.5326805369059 -21.777162075042725 1903.2941380185741
internal_count=172 117 55 75 44 42
shrinkage=0.05


Tree=28
num_leaves=4
num_cat=0
split_feature=7 10 11
split_gain=130106230.94373401 32719986.812216222 6046113.9314203039
threshold=9.9999996826552254e-21 9.9999996826552254e-21 9.9999996826552254e-21
decision_type=2 2 2
left_child=1 2 -1
right_child=-2 -3 -4
leaf_value=-15.551459912210703 100 35.63128257164589 -37.84012708992794
leaf_count=64 24 26 58
internal_value=0 -305.89289982898816 -522.95423042578773
internal_count=172 148 122
shrinkage=0.05


Tree=29
num_leaves=7
num_cat=0
split_feature=8 8 8 8 8 8
split_gain=225343767.03524497 63117975.031246379 36257567.039344311 9643304.5858461671 27825820.108735211 379576.94696450233
threshold=13.74716285714285 21.168689999999998 9.5128857142857157 18.052045 16.829174285714249 26.310385714285701
decision_type=2 2 2 2 2 2
left_child=2 3 -1 4 -2 -3
right_child=1 5 -4 -5 -6 -7
leaf_value=-100 34.319736409187321 95.244589851016087 -44.235099182128913 39.289632070541387 -40.823282137784098 85.737988798958924
leaf_count=25 28 21 30 25 22 21
internal_value=0 828.32741296393237 -1625.8882465709339 278.68832378387452 25.13616497039795 1809.8257864997499
internal_count=172 117 55 75 50 42
shrinkage=0.05


Tree=30
num_leaves=6
num_cat=0
split_feature=8 11 8 8 8
split_gain=212528853.31666014 36524037.397951484 43403049.488296412 11994622.291742489 47133772.58239758
threshold=11.651502857142848 9.9999996826552254e-21 18.052045 16.959112857142902 19.950113571428549
decision_type=2 2 2 2 2
left_child=-1 3 -3 -2 -5
right_child=1 2 -4 4 -6
leaf_value=-100 67.057579910393926 -50.157505850956362 42.975769147005948 -32.111049575805666 64.622812876981854
leaf_count=34 33 29 22 20 34
internal_value=0 472.28319346386451 -199.6473523308249 866.17351341247559 575.90912825972941
internal_count=172 138 51 87 54
shrinkage=0.05


Tree=31
num_leaves=6
num_cat=0
split_feature=7 1 10 6 9
split_gain=54904757.978721477 53103255.236261293 37053631.596208744 4151789.5616469383 2031144.8168692216
threshold=9.9999996826552254e-21 9.9999996826552254e-21 9.9999996826552254e-21 9.9999996826552254e-21 9.9999996826552254e-21
decision_type=2 2 2 2 2
left_child=1 2 3 4 -1
right_child=-2 -3 -4 -5 -6
leaf_value=-28.091473784813516 66.218919910987225 49.569008695162267 33.09404079437256 -61.762157974243166 -43.848738958669266
leaf_count=39 24 26 20 20 43
internal_value=0 -306.16640139914847 -582.69272072588808 -826.72674751281738 -727.08859825134277
internal_count=172 148 122 102 82
shrinkage=0.05


Tree=32
num_leaves=6
num_cat=0
split_feature=8 6 8 8 9
split_gain=195020441.76683578 38394202.703024715 39423351.754396193 5657030.366098389 33460099.242106911
threshold=11.651502857142848 9.9999996826552254e-21 16.245257857142846 22.182960000000001 9.9999996826552254e-21
decision_type=2 2 2 2 2
left_child=-1 2 -2 4 -4
right_child=1 -3 3 -5 -6
leaf_value=-100 -6.0021256256103515 -37.868246048147029 -3.7569415283203131 70.484592022615331 85.600746501575827
leaf_count=34 40 22 20 34 22
internal_value=0 453.82134538457012 683.5290855539256 1106.4615055887323 860.98932974679133
internal_count=172 138 116 76 42
shrinkage=0.05


Tree=33
num_leaves=5
num_cat=0
split_feature=2 7 1 9
split_gain=49792662.299424864 36516888.508988164 34013614.526170112 22014867.977143139
threshold=9.9999996826552254e-21 9.9999996826552254e-21 9.9999996826552254e-21 9.9999996826552254e-21
decision_type=2 2 2 2
left_child=1 2 3 -1
right_child=-2 -3 -4 -5
leaf_value=3.4829346192734585 -75.796242922828313 62.936782900492346 46.685726165771484 -43.483594175974531
leaf_count=56 21 24 26 45
internal_value=0 127.49592989169999 -86.281656524327801 -348.8549305424832
internal_count=172 151 127 101
shrinkage=0.05


Tree=34
num_leaves=6
num_cat=0
split_feature=8 6 8 8 9
split_gain=177754806.28331116 33819032.255627021 35618716.965718158 5159366.6815728545 30721305.57546106
threshold=11.651502857142848 9.9999996826552254e-21 16.245257857142846 22.182960000000001 9.9999996826552254e-21
decision_type=2 2 2 2 2
left_child=-1 2 -2 4 -4
right_child=1 -3 3 -5 -6
leaf_value=-100 -5.6561494410037998 -35.081559212641281 -3.9363889694213867 67.114096210984627 81.686158579046079
leaf_count=34 40 22 20 34 22
internal_value=0 435.10242031968158 650.68982808343299 1052.6965738221218 818.27033778599332
internal_count=172 138 116 76 42
shrinkage=0.05


Tree=35
num_leaves=6
num_cat=0
split_feature=8 8 9 8 8
split_gain=166044019.62418118 15950100.006382395 13763773.443229735 17828800.073659703 13077952.326819874
threshold=11.651502857142848 26.310385714285701 9.9999996826552254e-21 16.829174285714249 17.11697142857145
decision_type=2 2 2 2 2
left_child=-1 2 4 -4 -2
right_child=1 -3 3 -5 -6
leaf_value=-98.175980096114316 -28.424826703752792 61.422416400909427 64.67971803831017 6.578775627382341 18.366084170341491
leaf_count=38 28 20 23 31 32
internal_value=0 404.75275120806339 260.24475527646251 626.50946641851351 -69.393484751383468
internal_count=172 134 114 54 60
shrinkage=0.05


Tree=36
num_leaves=6
num_cat=0
split_feature=8 8 9 8 8
split_gain=149854725.10596079 14394962.766732868 12421806.131472293 16090492.136737183 11802852.075791674
threshold=11.651502857142848 26.310385714285701 9.9999996826552254e-21 16.829174285714249 17.11697142857145
decision_type=2 2 2 2 2
left_child=-1 2 4 -4 -2
right_child=1 -3 3 -5 -6
leaf_value=-93.267180402655356 -27.003585542951313 58.351291909217835 61.445732929395596 6.2498375185074346 17.447779977321627
leaf_count=38 28 20 23 31 32
internal_value=0 384.51510786654342 247.23252360026041 595.18400757401082 -65.923811976114905
internal_count=172 134 114 54 60
shrinkage=0.05


Tree=37
num_leaves=6
num_cat=0
split_feature=8 8 9 8 8
split_gain=135243890.72332573 12991454.430803832 11210680.121845506 14521669.956346735 10652072.805003768
threshold=11.651502857142848 26.310385714285701 9.9999996826552254e-21 16.829174285714249 17.11697142857145
decision_type=2 2 2 2 2
left_child=-1 2 4 -4 -2
right_child=1 -3 3 -5 -6
leaf_value=-88.603821894997054 -25.65340518951416 55.433728084564216 58.373447053328803 5.9373449633198403 16.575389689207078
leaf_count=38 28 20 23 31 32
internal_value=0 365.28935261626742 234.87089488380835 565.42480595906579 -62.627625083923341
internal_count=172 134 114 54 60
shrinkage=0.05


Tree=38
num_leaves=6
num_cat=0
split_feature=1 10 3 6 11
split_gain=21239651.820281576 17096879.28870127 4646084.8538843356 6166196.3864075504 3187824.9196249209
threshold=9.9999996826552254e-21 9.9999996826552254e-21 9.9999996826552254e-21 9.9999996826552254e-21 9.9999996826552254e-21
decision_type=2 2 2 2 2
left_child=1 2 3 4 -1
right_child=-2 -3 -4 -5 -6
leaf_value=-1.7559378332021287 36.557352608900807 25.148868774414066 -42.288039627075193 -40.773265972137452 -22.04615592956543
leaf_count=49 26 25 20 20 32
internal_value=0 -249.86607345163006 -405.41224058797536 -318.21450752787069 -195.43652927728346
internal_count=172 146 121 101 81
shrinkage=0.05


Tree=39
num_leaves=6
num_cat=0
split_feature=8 6 8 11 9
split_gain=121931595.02940735 11781424.623474829 19713170.616491228 16012641.703853272 11171146.965706283
threshold=11.651502857142848 9.9999996826552254e-21 18.052045 9.9999996826552254e-21 9.9999996826552254e-21
decision_type=2 2 2 2 2
left_child=-1 2 4 -4 -2
right_child=1 -3 3 -5 -6
leaf_value=-83.87885611684699 -14.927589461382698 -17.802383146286012 66.540859211192412 11.010084006899881 29.101066680908204
leaf_count=38 34 20 34 21 25
internal_value=0 351.87193130379291 476.06835134405839 906.76399175470522 74.572415368031642
internal_count=172 134 114 55 59
shrinkage=0.05



feature importances:
trend=128
rainy=23
sunny=22
xf7=15
xf1=8
xf6=5
cloudy=5
xf2=1
xf3=1
xf5=1

pandas_categorical:[]