tree
num_class=1
num_tree_per_iteration=1
label_index=0
max_feature_idx=12
objective=regression
feature_names=holiday xf1 xf2 xf3 xf4 xf5 xf6 xf7 trend sunny cloudy rainy snowy
feature_infos=none [0:1] [0:1] [0:1] [0:1] [0:1] [0:1] [0:1] [14.289388571428599:51.459175714285706] [0:1] [0:1] [0:1] none

Tree=0
num_leaves=7
num_cat=0
split_feature=7 8 8 8 8 8
split_gain=6223940957.5430956 2985764652.6548004 840407536.44995439 179604198.63599586 207939420.84903097 85750588.537959442
threshold=9.9999996826552254e-21 21.226520714285698 32.950607857142856 18.711265714285702 17.362237857142851 24.888362857142848
decision_type=2 2 2 2 2 2
left_child=1 3 5 4 -1 -3
right_child=-2 2 -4 -5 -6 -7
leaf_value=60775.685962818286 60975.685962818286 60775.685962818286 60975.685962818286 60775.685962818286 60775.685962818286 60898.009168847078
leaf_count=20 27 23 21 28 20 33
internal_value=0 -2827.8702000585095 1436.4801557466581 -7656.6198676614204 -9016.3502639770504 -586.61001682281494
internal_count=172 145 77 68 40 56
shrinkage=1


Tree=1
num_leaves=7
num_cat=0
split_feature=7 8 8 8 8 8
split_gain=6116613973.9647989 2915929762.367938 811673309.35024405 179604198.63599586 207939420.84903097 77613034.01367867
threshold=9.9999996826552254e-21 21.226520714285698 32.950607857142856 18.711265714285702 17.362237857142851 24.888362857142848
decision_type=2 2 2 2 2 2
left_child=1 3 5 4 -1 -3
right_child=-2 2 -4 -5 -6 -7
leaf_value=-100 100 -98.442341116200339 100 -100 -100 21.207041052616006
leaf_count=20 27 23 21 28 20 33
internal_value=0 -2784.6748130009091 1429.5104300759056 -7556.6198676614204 -8916.3502639770504 -558.69338962009977
internal_count=172 145 77 68 40 56
shrinkage=0.05


Tree=2
num_leaves=7
num_cat=0
split_feature=7 8 8 8 8 8
split_gain=6010215285.9079866 2846929676.5053463 783434939.37466741 179604198.96796131 207939420.29238558 70045763.914093822
threshold=9.9999996826552254e-21 21.226520714285698 32.950607857142856 18.711265714285702 17.362237857142851 24.888362857142848
decision_type=2 2 2 2 2 2
left_child=1 3 5 4 -1 -3
right_child=-2 2 -4 -5 -6 -7
leaf_value=-100 100 -93.520224198051125 100 -100 -100 20.14668944387725
leaf_count=20 27 23 21 28 20 33
internal_value=0 -2741.472457043878 1422.5538292426568 -7456.6198694565719 -8816.350267028809 -530.75871603829523
internal_count=172 145 77 68 40 56
shrinkage=0.05


Tree=3
num_leaves=7
num_cat=0
split_feature=7 8 8 8 8 8
split_gain=5905145713.7603903 2778112175.9046183 755996690.66722846 179604199.67931509 207939420.29238558 63216313.474598102
threshold=9.9999996826552254e-21 21.226520714285698 32.950607857142856 18.711265714285702 17.362237857142851 24.888362857142848
decision_type=2 2 2 2 2 2
left_child=1 3 5 4 -1 -3
right_child=-2 2 -4 -5 -6 -7
leaf_value=-100 100 -88.844227666440219 100 -100 -100 19.139350151293208
leaf_count=20 27 23 21 28 20 33
internal_value=0 -2698.8095973836967 1414.5812898611093 -7356.6198667638446 -8716.350267028809 -504.2209576198033
internal_count=172 145 77 68 40 56
shrinkage=0.05


Tree=4
num_leaves=7
num_cat=0
split_feature=7 8 8 8 8 8
split_gain=5801375003.3139095 2709533038.0488114 729327516.56633306 179604199.67931509 207939420.29238558 57052720.45406495
threshold=9.9999996826552254e-21 21.226520714285698 32.950607857142856 18.711265714285702 17.362237857142851 24.888362857142848
decision_type=2 2 2 2 2 2
left_child=1 3 5 4 -1 -3
right_child=-2 2 -4 -5 -6 -7
leaf_value=-100 100 -84.402007857612944 100 -100 -100 18.18238886052912
leaf_count=20 27 23 21 28 20 33
internal_value=0 -2656.6590686929635 1405.6439737592425 -7256.6198667638446 -8616.350267028809 -479.00976725987027
internal_count=172 145 77 68 40 56
shrinkage=0.05


Tree=5
num_leaves=6
num_cat=0
split_feature=3 2 5 6 9
split_gain=1868826444.277144 1498668856.355422 1342841520.4853704 1739267787.4500661 193859796.1205864
threshold=9.9999996826552254e-21 9.9999996826552254e-21 9.9999996826552254e-21 9.9999996826552254e-21 9.9999996826552254e-21
decision_type=2 2 2 2 2
left_child=1 2 3 4 -1
right_child=-2 -3 -4 -5 -6
leaf_value=100 -100 -100 -100 -100 100
leaf_count=40 23 20 25 26 38
internal_value=0 1369.6274300389641 2618.3899333865143 4200.2601894965537 6561.314242631961
internal_count=172 149 129 104 78
shrinkage=0.05


Tree=6
num_leaves=6
num_cat=0
split_feature=7 8 8 8 8
split_gain=4978956195.607316 2945564893.6319437 657326610.04447722 548646551.37278843 54489490.591144204
threshold=9.9999996826552254e-21 25.582844999999999 32.950607857142856 18.202014285714249 21.022177142857146
decision_type=2 2 2 2 2
left_child=1 3 -3 -1 -5
right_child=-2 2 -4 4 -6
leaf_value=-100 100 34.359938267299107 100 -100 -100
leaf_count=38 24 28 24 30 28
internal_value=0 -2082.7384519061525 3978.863087800833 -5366.1059525807696 -3431.0723466544314
internal_count=172 148 52 96 58
shrinkage=0.05


Tree=7
num_leaves=6
num_cat=0
split_feature=7 1 8 8 8
split_gain=4888211766.2475052 2932407955.0696197 3161291633.3927569 491660066.10992718 38627038.984804153
threshold=9.9999996826552254e-21 9.9999996826552254e-21 28.47092714285715 19.373891428571451 21.226520714285698
decision_type=2 2 2 2 2
left_child=1 2 3 -1 -5
right_child=-2 -3 -4 4 -6
leaf_value=-100 100 100 100 -100 -100
leaf_count=39 24 26 39 20 24
internal_value=0 -2040.5903541977341 -4095.4780677420194 -7584.8368199359938 -5293.4448505748405
internal_count=172 148 122 83 44
shrinkage=0.05


Tree=8
num_leaves=6
num_cat=0
split_feature=7 1 8 8 8
split_gain=4817198797.0210733 2864582480.1084929 3062349618.8053312 302753863.14418173 271139219.92582417
threshold=9.9999996826552254e-21 9.9999996826552254e-21 22.751256428571452 32.034834285714304 18.623445714285701
decision_type=2 2 2 2 2
left_child=1 2 4 -4 -1
right_child=-2 -3 3 -5 -6
leaf_value=-100 100 100 -24.020865086146767 100 -100
leaf_count=34 24 26 28 24 36
internal_value=0 -2028.4281928603714 -4059.412494972104 1753.5138282775879 -8377.5863351004464
internal_count=172 148 122 52 70
shrinkage=0.05


Tree=9
num_leaves=6
num_cat=0
split_feature=7 1 8 8 8
split_gain=4743014277.0275164 2794048984.9243498 2982342060.9763832 287437590.68153614 271139219.92582417
threshold=9.9999996826552254e-21 9.9999996826552254e-21 22.751256428571452 32.034834285714304 18.623445714285701
decision_type=2 2 2 2 2
left_child=1 2 4 -4 -1
right_child=-2 -3 3 -5 -6
leaf_value=-100 100 100 -22.819815063476565 100 -100
leaf_count=34 24 26 28 24 36
internal_value=0 -2010.3701658506652 -4016.1945605668866 1720.2943666898286 -8277.5863351004464
internal_count=172 148 122 52 70
shrinkage=0.05


Tree=10
num_leaves=7
num_cat=0
split_feature=7 1 8 8 9 11
split_gain=4784636029.2759609 3037871912.4724364 1925204244.8208179 388178803.44171619 344291815.85638452 14015624.801104546
threshold=9.9999996826552254e-21 9.9999996826552254e-21 24.888362857142848 18.878892142857151 9.9999996826552254e-21 9.9999996826552254e-21
decision_type=2 2 2 2 2 2
left_child=1 2 3 -1 -4 -5
right_child=-2 -3 4 5 -6 -7
leaf_value=-100 100 100 -100 -100 100 -100
leaf_count=38 24 28 20 20 21 21
internal_value=0 -2566.594725119101 -4755.073123423258 -7640.6069177555137 804.85784614376905 -5506.5685034030821
internal_count=172 148 120 79 41 41
shrinkage=0.05


Tree=11
num_leaves=7
num_cat=0
split_feature=7 1 8 8 9 11
split_gain=4700899029.2814398 2951826254.9574971 1878784077.5676508 388178808.46839046 320946517.3295325 14015624.791962862
threshold=9.9999996826552254e-21 9.9999996826552254e-21 24.888362857142848 18.878892142857151 9.9999996826552254e-21 9.9999996826552254e-21
decision_type=2 2 2 2 2 2
left_child=1 2 3 -1 -4 -5
right_child=-2 -3 4 5 -6 -7
leaf_value=-100 100 100 -100 -100 100 -100
leaf_count=38 24 28 20 20 21 21
internal_value=0 -2532.8109463356636 -4690.073130607605 -7540.6069317588326 802.41882770817449 -5406.5685035891647
internal_count=172 148 120 79 41 41
shrinkage=0.05


Tree=12
num_leaves=6
num_cat=0
split_feature=7 1 8 8 9
split_gain=4617901261.335825 2867016744.6108961 1832930389.2287588 388178808.46967697 298420729.53258562
threshold=9.9999996826552254e-21 9.9999996826552254e-21 24.888362857142848 18.878892142857151 9.9999996826552254e-21
decision_type=2 2 2 2 2
left_child=1 2 3 -1 -4
right_child=-2 -3 4 -5 -6
leaf_value=-100 100 100 -98.226207389831544 -100 100
leaf_count=38 24 28 20 41 21
internal_value=0 -2499.0271657995277 -4625.0731305440268 -7440.6069318554073 799.97980369009622
internal_count=172 148 120 79 41
shrinkage=0.05


Tree=13
num_leaves=7
num_cat=0
split_feature=7 1 8 8 9 11
split_gain=4535789457.6267147 2783592053.1081138 1787263056.6217499 388178806.1109066 276903375.87755626 14015624.267972231
threshold=9.9999996826552254e-21 9.9999996826552254e-21 24.888362857142848 18.878892142857151 9.9999996826552254e-21 9.9999996826552254e-21
decision_type=2 2 2 2 2 2
left_child=1 2 3 -1 -4 -5
right_child=-2 -3 4 5 -6 -7
leaf_value=-100 100 100 -93.314902458190929 -100 100 -100
leaf_count=38 24 28 20 20 21 21
internal_value=0 -2465.4831012229661 -4560.3687853773436 -7340.6069388510305 796.67546155976083 -5206.5685171615787
internal_count=172 148 120 79 41 41
shrinkage=0.05


Tree=14
num_leaves=6
num_cat=0
split_feature=8 9 8 9 8
split_gain=1691149265.1756368 681453736.59692669 165394988.96633756 96510326.537144184 29170453.598306835
threshold=20.835109285714299 9.9999996826552254e-21 18.711265714285702 9.9999996826552254e-21 26.139258571428552
decision_type=2 2 2 2 2
left_child=2 4 3 -1 -2
right_child=1 -3 -4 -5 -6
leaf_value=-100 -37.056184332711354 100 -85.941660748106074 -100 43.636206658681232
leaf_count=29 21 40 33 25 24
internal_value=0 2789.1107593311981 -3482.6012086100964 -4560.4594269505251 119.59515058729383
internal_count=172 85 87 54 45
shrinkage=0.05


Tree=15
num_leaves=6
num_cat=0
split_feature=7 1 8 8 8
split_gain=3855912513.0675683 2849259992.349257 2001024918.0136733 314418708.86160851 6195859.6843694523
threshold=9.9999996826552254e-21 9.9999996826552254e-21 24.888362857142848 18.878892142857151 32.511310714285699
decision_type=2 2 2 2 2
left_child=1 2 3 -1 -4
right_child=-2 -3 4 -5 -6
leaf_value=-100 100 100 40.03655979322351 -100 77.600709624517535
leaf_count=38 24 27 23 39 21
internal_value=0 -2147.6917539545007 -4220.3341585900171 -7294.4097238515878 1159.2980806177313
internal_count=172 148 121 77 44
shrinkage=0.05


Tree=16
num_leaves=6
num_cat=0
split_feature=7 1 8 8 8
split_gain=3790414880.8014493 2778204335.386168 1926941798.1120179 314418708.86160851 5591763.141430594
threshold=9.9999996826552254e-21 9.9999996826552254e-21 24.888362857142848 18.878892142857151 32.511310714285699
decision_type=2 2 2 2 2
left_child=1 2 3 -1 -4
right_child=-2 -3 4 -5 -6
leaf_value=-100 100 100 38.034731126868209 -100 73.720672752743681
leaf_count=38 24 27 23 39 21
internal_value=0 -2131.1407855523598 -4177.7759492732275 -7194.4097238515878 1101.3331562389028
internal_count=172 148 121 77 44
shrinkage=0.05


Tree=17
num_leaves=7
num_cat=0
split_feature=8 1 8 9 9 8
split_gain=2214700027.6086302 1529984178.4307137 305918998.86153054 270720644.75058508 127482270.33196712 19808644.607231617
threshold=27.7993042857143 9.9999996826552254e-21 21.226520714285698 9.9999996826552254e-21 9.9999996826552254e-21 18.078659999999999
decision_type=2 2 2 2 2 2
left_child=1 2 4 -2 5 -1
right_child=3 -3 -4 -5 -6 -7
leaf_value=-100 100 100 -69.699033410208571 100 -100 -100
leaf_count=20 24 20 28 28 31 21
internal_value=0 -2601.8430907249449 -4198.7067764282228 5211.3648746197041 -5289.4335962931318 -6446.4714429901869
internal_count=172 120 100 52 72 41
shrinkage=0.05


Tree=18
num_leaves=7
num_cat=0
split_feature=7 1 2 3 5 6
split_gain=3735111804.7386041 2642851075.753499 196059295.8690474 176751942.18850541 83792232.888392746 90251122.647333413
threshold=9.9999996826552254e-21 9.9999996826552254e-21 9.9999996826552254e-21 9.9999996826552254e-21 9.9999996826552254e-21 9.9999996826552254e-21
decision_type=2 2 2 2 2 2
left_child=1 2 3 4 5 -1
right_child=-2 -3 -4 -5 -6 -7
leaf_value=-31.681283020019535 100 100 -100 -100 -100 -100
leaf_count=25 24 27 24 24 22 26
internal_value=0 -2104.9236172856513 -4101.0805661540389 -3467.9098979517357 -2693.9108598264929 -1990.2446378820082
internal_count=172 148 121 97 73 51
shrinkage=0.05


Tree=19
num_leaves=6
num_cat=0
split_feature=7 1 8 8 9
split_gain=3651173501.0159798 2553818573.4266162 1776100978.5529854 311430264.12893391 5828007.1030307189
threshold=9.9999996826552254e-21 9.9999996826552254e-21 24.888362857142848 18.878892142857151 9.9999996826552254e-21
decision_type=2 2 2 2 2
left_child=1 2 3 -1 -4
right_child=-2 -3 4 -5 -6
leaf_value=-100 100 100 35.265953196649967 -100 71.697936430431554
leaf_count=38 24 27 23 39 21
internal_value=0 -2052.9504526499154 -4015.1960340767851 -6911.3531414874187 1053.0789038918235
internal_count=172 148 121 77 44
shrinkage=0.05


Tree=20
num_leaves=7
num_cat=0
split_feature=7 1 8 8 9 11
split_gain=4737324749.9745388 1757795860.7482307 1465315718.3786891 341186555.09424496 121867692.17454337 23737219.665890813
threshold=9.9999996826552254e-21 9.9999996826552254e-21 24.169644285714298 18.878892142857151 9.9999996826552254e-21 9.9999996826552254e-21
decision_type=2 2 2 2 2 2
left_child=1 2 3 -1 -4 -5
right_child=-2 -3 4 5 -6 -7
leaf_value=-100 100 100 -60.642634721235801 -100 100 -100
leaf_count=35 28 22 22 21 23 21
internal_value=0 -2579.9628383848403 -4063.6228713363898 -6713.017082808854 469.78500162760417 -4791.4304506211056
internal_count=172 144 122 77 45 42
shrinkage=0.05


Tree=21
num_leaves=7
num_cat=0
split_feature=8 3 9 8 9 9
split_gain=1556070033.2020233 776128651.63930559 687883375.27868581 308051162.53796399 67486827.614872992 52497032.323298633
threshold=27.7993042857143 9.9999996826552254e-21 9.9999996826552254e-21 18.711265714285702 9.9999996826552254e-21 9.9999996826552254e-21
decision_type=2 2 2 2 2 2
left_child=1 3 -2 5 -5 -1
right_child=2 -3 -4 4 -6 -7
leaf_value=-100 17.949689726396041 -100 100 -28.276887716187375 76.295410650747797 -100
leaf_count=20 22 20 27 36 27 20
internal_value=0 -2154.1201564044486 4509.775638813875 -1047.2142932669631 330.79623167855397 -3217.5808700561524
internal_count=172 123 49 103 63 40
shrinkage=0.05


Tree=22
num_leaves=5
num_cat=0
split_feature=7 1 3 9
split_gain=4637399696.1778297 1698758823.8838434 368242006.64701247 251342027.46330678
threshold=9.9999996826552254e-21 9.9999996826552254e-21 9.9999996826552254e-21 9.9999996826552254e-21
decision_type=2 2 2 2
left_child=1 2 3 -1
right_child=-2 -3 -4 -5
leaf_value=-100 100 100 -100 -69.763709894816074
leaf_count=53 28 22 24 45
internal_value=0 -2534.511781586541 -3993.0440499352626 -3133.2799004535286
internal_count=172 144 122 98
shrinkage=0.05


Tree=23
num_leaves=7
num_cat=0
split_feature=8 3 8 8 11 8
split_gain=1507105724.3255193 742434969.02828002 288201563.67455053 162409163.99372637 42972837.656856738 1628581.8140977621
threshold=27.7993042857143 9.9999996826552254e-21 18.711265714285702 32.950607857142856 9.9999996826552254e-21 17.472523571428553
decision_type=2 2 2 2 2 2
left_child=1 2 5 -2 -4 -1
right_child=3 -3 4 -5 -6 -7
leaf_value=-100 100 -100 53.748114449637278 100 -29.356331334795271 -100
leaf_count=20 25 20 35 24 28 20
internal_value=0 -2079.2309492157729 -996.61844390572855 4478.9815929179285 336.25610424223402 -3095.8958572387696
internal_count=172 123 103 49 63 40
shrinkage=0.05


Tree=24
num_leaves=6
num_cat=0
split_feature=8 9 8 9 9
split_gain=1443371275.8520215 665728467.4225446 380081238.66164547 102915289.48733723 32419596.249606103
threshold=27.7993042857143 9.9999996826552254e-21 19.373891428571451 9.9999996826552254e-21 9.9999996826552254e-21
decision_type=2 2 2 2 2
left_child=2 -2 3 -1 -4
right_child=1 -3 4 -5 -6
leaf_value=-100 14.779483795166016 100 -50.352857729008321 -100 20.551831695011685
leaf_count=32 22 27 38 25 28
internal_value=0 4378.9816028828527 -2039.0619050700491 -3930.6222491013377 -405.44160795211792
internal_count=172 49 123 57 66
shrinkage=0.05


Tree=25
num_leaves=6
num_cat=0
split_feature=7 1 8 8 8
split_gain=3851875162.2209954 1860461570.8900921 1727313729.093107 257766780.48127699 187050343.88958281
threshold=9.9999996826552254e-21 9.9999996826552254e-21 22.751256428571452 18.878892142857151 28.983725714285701
decision_type=2 2 2 2 2
left_child=1 2 3 -1 -4
right_child=-2 -3 4 -5 -6
leaf_value=-100 100 100 -52.385001772925968 -100 100
leaf_count=31 24 29 21 33 34
internal_value=0 -1060.6922941981136 -2810.9621471116525 -6342.8222230672836 1298.8386685458097
internal_count=172 148 119 64 55
shrinkage=0.05


Tree=26
num_leaves=5
num_cat=0
split_feature=7 1 3 11
split_gain=3791134901.3629074 1804874168.1994581 185791928.81821287 89411749.350917459
threshold=9.9999996826552254e-21 9.9999996826552254e-21 9.9999996826552254e-21 9.9999996826552254e-21
decision_type=2 2 2 2
left_child=1 2 3 -1
right_child=-2 -3 -4 -5
leaf_value=-72.194028479153999 100 100 -100 -100
leaf_count=61 24 29 22 36
internal_value=0 -1052.5836022222363 -2776.5076393319778 -2181.4412592465114
internal_count=172 148 119 97
shrinkage=0.05


Tree=27
num_leaves=6
num_cat=0
split_feature=7 1 8 8 8
split_gain=3708017386.9020076 1729468015.3167267 1662626003.5868082 258542018.24975586 171961653.3150776
threshold=9.9999996826552254e-21 9.9999996826552254e-21 22.751256428571452 18.878892142857151 28.983725714285701
decision_type=2 2 2 2 2
left_child=1 2 3 -1 -4
right_child=-2 -3 4 -5 -6
leaf_value=-100 100 100 -45.427796572730657 -100 100
leaf_count=31 24 29 21 33 34
internal_value=0 -1003.2333785392143 -2690.7611467377478 -6155.8562705516815 1341.3495427911932
internal_count=172 148 119 64 55
shrinkage=0.05


Tree=28
num_leaves=7
num_cat=0
split_feature=7 3 2 5 6 11
split_gain=3648968669.4131265 468841290.03643584 561140459.31633627 260387800.48599866 294365319.96252865 60139405.406001449
threshold=9.9999996826552254e-21 9.9999996826552254e-21 9.9999996826552254e-21 9.9999996826552254e-21 9.9999996826552254e-21 9.9999996826552254e-21
decision_type=2 2 2 2 2 2
left_child=1 2 3 4 5 -1
right_child=-2 -3 -4 -5 -6 -7
leaf_value=98.25370361328126 100 -100 -100 -100 -75.27271007191051 100
leaf_count=35 24 22 24 22 22 23
internal_value=0 -996.11185341912346 -252.39412132142081 771.2666346232096 1609.1365127563477 2790.5329905542835
internal_count=172 148 126 102 80 58
shrinkage=0.05


Tree=29
num_leaves=6
num_cat=0
split_feature=7 1 8 8 8
split_gain=3584276717.6928186 1619167146.4114323 1579977221.3967776 258184837.20736647 159041075.94981128
threshold=9.9999996826552254e-21 9.9999996826552254e-21 22.751256428571452 18.878892142857151 28.983725714285701
decision_type=2 2 2 2 2
left_child=1 2 3 -1 -4
right_child=-2 -3 4 -5 -6
leaf_value=-100 100 100 -42.18479047502791 -100 100
leaf_count=31 24 29 21 33 34
internal_value=0 -977.75292008631936 -2610.5811571233412 -5988.4539458453655 1320.0344515713778
internal_count=172 148 119 64 55
shrinkage=0.05


Tree=30
num_leaves=7
num_cat=0
split_feature=7 8 8 8 11 8
split_gain=3558967412.6215944 2106481588.9064496 322063489.01941705 110444565.02534091 28606881.879085302 9884180.0124351978
threshold=9.9999996826552254e-21 27.7993042857143 19.570155 32.950607857142856 9.9999996826552254e-21 17.362237857142851
decision_type=2 2 2 2 2 2
left_child=1 2 5 -3 -4 -1
right_child=-2 3 4 -5 -6 -7
leaf_value=-100 100 100 -80.136861787018958 100 -100 -100
leaf_count=22 24 23 27 24 25 27
internal_value=0 -1476.3062180184029 -4049.8775977710684 4054.1344065564745 -2316.4471206665039 -5889.4364714330559
internal_count=172 148 101 47 52 49
shrinkage=0.05


Tree=31
num_leaves=6
num_cat=0
split_feature=7 1 3 2 9
split_gain=3487292938.3049831 1438366745.5173614 169439626.81072474 177598450.11637056 1245071.58563146
threshold=9.9999996826552254e-21 9.9999996826552254e-21 9.9999996826552254e-21 9.9999996826552254e-21 9.9999996826552254e-21
decision_type=2 2 2 2 2
left_child=1 2 3 4 -1
right_child=-2 -3 -4 -5 -6
leaf_value=-77.649722870913422 100 100 -100 -100 -90.187904887729232
leaf_count=44 24 26 21 21 36
internal_value=0 -1443.4434161315094 -2882.6088445069358 -2345.2349827077128 -1665.8380955696107
internal_count=172 148 122 101 80
shrinkage=0.05


Tree=32
num_leaves=7
num_cat=0
split_feature=7 8 8 8 11 8
split_gain=3404155744.5912747 2010452088.4230192 318322040.00998998 108654126.87756693 27254962.189442813 9800540.4187397957
threshold=9.9999996826552254e-21 27.7993042857143 19.570155 32.950607857142856 9.9999996826552254e-21 17.362237857142851
decision_type=2 2 2 2 2 2
left_child=1 2 5 -3 -4 -1
right_child=-2 3 4 -5 -6 -7
leaf_value=-100 100 100 -74.093094889322913 100 -100 -100
leaf_count=22 24 23 27 24 25 27
internal_value=0 -1387.609944871954 -3901.8355690795597 4015.3004390635388 -2178.5032372107871 -5730.6780437158077
internal_count=172 148 101 47 52 49
shrinkage=0.05


Tree=33
num_leaves=6
num_cat=0
split_feature=7 1 3 2 9
split_gain=3334644175.1189837 1375837843.9511199 168077524.6772666 173285324.54369223 1509395.5643555224
threshold=9.9999996826552254e-21 9.9999996826552254e-21 9.9999996826552254e-21 9.9999996826552254e-21 9.9999996826552254e-21
decision_type=2 2 2 2 2
left_child=1 2 3 4 -1
right_child=-2 -3 -4 -5 -6
leaf_value=-71.64170763709329 100 100 -100 -100 -85.446788152058929
leaf_count=44 24 26 21 21 36
internal_value=0 -1355.8497169597729 -2763.3857656385076 -2228.1761999602363 -1557.0798773765564
internal_count=172 148 122 101 80
shrinkage=0.05


Tree=34
num_leaves=6
num_cat=0
split_feature=8 8 9 8 8
split_gain=1960233335.0860701 344442793.35176814 141159338.04043293 75336286.11435993 56463764.033237286
threshold=27.7993042857143 17.599820000000001 9.9999996826552254e-21 19.570155 21.683814999999999
decision_type=2 2 2 2 2
left_child=1 -1 -2 -3 -5
right_child=2 3 -4 4 -6
leaf_value=-100 100 -100 100 35.637571818033855 -60.585310216103835
leaf_count=29 25 27 30 30 31
internal_value=0 -1865.7926674867288 5372.6282350019974 -880.82203188809478 -265.25162693711576
internal_count=172 117 55 88 61
shrinkage=0.05


Tree=35
num_leaves=6
num_cat=0
split_feature=7 1 8 8 8
split_gain=2470480501.6726508 1756065774.0340183 1085828075.3054976 130550686.90025663 78301522.659456074
threshold=9.9999996826552254e-21 9.9999996826552254e-21 21.022177142857146 18.623445714285701 28.13613214285715
decision_type=2 2 2 2 2
left_child=1 2 3 -1 -4
right_child=-2 -3 4 -5 -6
leaf_value=-100 100 100 -87.92932637532553 -100 28.032098388671876
leaf_count=35 24 26 24 26 37
internal_value=0 -1744.9867095947266 -3335.166721531602 -6318.4920684314166 -351.84137463178791
internal_count=172 148 122 61 61
shrinkage=0.05


Tree=36
num_leaves=7
num_cat=0
split_feature=8 8 9 8 9 8
split_gain=1503238356.7604203 265728299.60215807 156041182.03752434 43029463.828653961 36272815.928560168 3603849.0947811604
threshold=21.022177142857146 32.950607857142856 9.9999996826552254e-21 28.47092714285715 9.9999996826552254e-21 18.078659999999999
decision_type=2 2 2 2 2 2
left_child=2 3 5 4 -2 -1
right_child=1 -3 -4 -5 -6 -7
leaf_value=-100 54.979397437686011 100 -87.200629170735681 11.419009094238282 100 -100
leaf_count=25 21 29 36 20 20 21
internal_value=0 2615.6712578667534 -3303.3509156762102 1430.9075807665215 2017.5063119283536 -4523.7026539678163
internal_count=172 90 82 61 41 46
shrinkage=0.05


Tree=37
num_leaves=6
num_cat=0
split_feature=7 1 8 8 8
split_gain=2406551523.9770665 1682549301.0270734 999845125.99941802 130460068.97493696 71950988.057723731
threshold=9.9999996826552254e-21 9.9999996826552254e-21 21.022177142857146 18.623445714285701 28.13613214285715
decision_type=2 2 2 2 2
left_child=1 2 3 -1 -4
right_child=-2 -3 4 -5 -6
leaf_value=-100 100 100 -87.313556162516278 -100 23.846004094304266
leaf_count=35 24 26 24 26 37
internal_value=0 -1704.0097986169762 -3260.5480586818007 -6123.3180201796231 -397.77809718397799
internal_count=172 148 122 61 61
shrinkage=0.05


Tree=38
num_leaves=4
num_cat=0
split_feature=1 9 10
split_gain=989600708.70312059 469924028.49650598 65086573.294445753
threshold=9.9999996826552254e-21 9.9999996826552254e-21 9.9999996826552254e-21
decision_type=2 2 2
left_child=1 2 -1
right_child=-2 -3 -4
leaf_value=-100 100 32.370564570897066 -81.231102661132809
leaf_count=50 26 71 25
internal_value=0 -1196.4950400574567 -2942.0597005208333
internal_count=172 146 75
shrinkage=0.05


Tree=39
num_leaves=6
num_cat=0
split_feature=7 1 8 8 8
split_gain=2343773422.0133491 1571284722.7282431 965881094.08763075 129885943.24344635 64369244.942695625
threshold=9.9999996826552254e-21 9.9999996826552254e-21 21.022177142857146 18.623445714285701 28.13613214285715
decision_type=2 2 2 2 2
left_child=1 2 3 -1 -4
right_child=-2 -3 4 -5 -6
leaf_value=-100 100 100 -81.215979385375988 -100 23.923941617398651
leaf_count=35 24 26 24 26 37
internal_value=0 -1658.3861864450816 -3162.5784301757813 -5976.3051667760628 -348.8516935754995
internal_count=172 148 122 61 61
shrinkage=0.05


Tree=40
num_leaves=8
num_cat=0
split_feature=7 8 8 8 8 8 8
split_gain=3330589709.952805 1422780310.7373064 347130392.6474185 247373435.48034221 8233533.4155124128 4921048.7035260946 3969978.7204151154
threshold=9.9999996826552254e-21 22.751256428571452 18.711265714285702 32.950607857142856 21.022177142857146 28.47092714285715 17.362237857142851
decision_type=2 2 2 2 2 2 2
left_child=1 2 6 5 -4 -3 -1
right_child=-2 3 4 -5 -6 -7 -8
leaf_value=-100 100 58.698013000488281 -100 100 -79.364898390997027 23.622919616699221 -100
leaf_count=21 27 20 21 21 21 20 21
internal_value=0 -1393.5356206236215 -4062.9143567766464 2282.330179980544 -2030.0580720447358 823.20932617187498 -6095.7706415085568
internal_count=172 145 84 61 42 40 42
shrinkage=0.05


Tree=41
num_leaves=8
num_cat=0
split_feature=7 8 8 8 8 8 8
split_gain=3259874659.2673349 1353568392.2371576 345370797.98893547 240552795.08590549 7854274.2635386288 4441245.0556965061 3969978.7391805649
threshold=9.9999996826552254e-21 22.751256428571452 18.711265714285702 32.950607857142856 21.022177142857146 28.47092714285715 17.362237857142851
decision_type=2 2 2 2 2 2 2
left_child=1 2 6 5 -4 -3 -1
right_child=-2 3 4 -5 -6 -7 -8
leaf_value=-100 100 55.763107910156251 -100 100 -75.396657017299106 22.44177444458008 -100
leaf_count=21 27 20 21 21 21 20 21
internal_value=0 -1364.4305077914535 -3968.0731488182432 2220.9134569011749 -1940.3756568545386 782.04882354736333 -5995.7706407819478
internal_count=172 145 84 61 42 40 42
shrinkage=0.05


Tree=42
num_leaves=7
num_cat=0
split_feature=7 8 8 8 11 8
split_gain=3189922129.1279001 1294376358.1422417 443598497.3192839 109853791.12490101 61183503.00987348 13854998.175188065
threshold=9.9999996826552254e-21 19.570155 32.950607857142856 27.7993042857143 9.9999996826552254e-21 17.599820000000001
decision_type=2 2 2 2 2 2
left_child=1 5 3 4 -3 -1
right_child=-2 2 -4 -5 -6 -7
leaf_value=-100 100 -14.540539042154947 100 68.66611950683594 -100 -100
leaf_count=26 27 30 21 25 20 23
internal_value=0 -1335.3323308484307 799.22934770584106 -338.23667399088544 -1194.0162060546875 -5517.3307214853712
internal_count=172 145 96 75 50 49
shrinkage=0.05


Tree=43
num_leaves=6
num_cat=0
split_feature=8 8 9 9 8
split_gain=1219399143.0115767 428920676.13259935 313207723.43667436 122157144.75983655 29330608.843668737
threshold=27.7993042857143 18.878892142857151 9.9999996826552254e-21 9.9999996826552254e-21 21.269543571428549
decision_type=2 2 2 2 2
left_child=1 3 -2 -1 -3
right_child=2 4 -4 -5 -6
leaf_value=-100 100 60.341290384928392 100 -79.298218370520559 -7.0327468436104912
leaf_count=31 27 30 26 23 35
internal_value=0 -1249.1754332470293 4517.50321413436 -3332.1060740152993 481.25925292968748
internal_count=172 119 53 54 65
shrinkage=0.05


Tree=44
num_leaves=6
num_cat=0
split_feature=7 1 8 8 8
split_gain=3124068811.2432995 1245108065.537395 1492473980.4371872 161069116.46900463 31259777.300767407
threshold=9.9999996826552254e-21 9.9999996826552254e-21 22.751256428571452 18.878892142857151 32.034834285714304
decision_type=2 2 2 2 2
left_child=1 2 3 -1 -4
right_child=-2 -3 4 -5 -6
leaf_value=-100 100 100 32.906004874936997 -100 100
leaf_count=37 27 25 31 30 22
internal_value=0 -1322.5659358583648 -2660.0816815694175 -5796.7117013504258 1305.0921170216686
internal_count=172 145 120 67 53
shrinkage=0.05


Tree=45
num_leaves=7
num_cat=0
split_feature=7 8 8 8 9 8
split_gain=2908879691.1432347 1148340906.7731164 298990885.93636799 132909792.00947976 115218633.65127295 18599328.542942703
threshold=9.9999996826552254e-21 28.13613214285715 18.711265714285702 17.289459999999998 9.9999996826552254e-21 21.226520714285698
decision_type=2 2 2 2 2 2
left_child=1 2 3 -1 -3 -4
right_child=-2 4 5 -5 -6 -7
leaf_value=-100 100 56.554907087846232 -100 -100 100 -72.121763865153
leaf_count=21 20 22 33 26 20 30
internal_value=0 -1737.900488069183 -3436.308095853979 -5345.0797554178444 2710.3099132719494 -2012.3038418936351
internal_count=172 152 110 47 42 63
shrinkage=0.05


Tree=46
num_leaves=7
num_cat=0
split_feature=7 8 8 8 9 8
split_gain=2843261245.7741742 1085829714.5163112 296613708.6273489 132909791.99877286 112219607.47289592 17658327.237397075
threshold=9.9999996826552254e-21 28.13613214285715 18.711265714285702 17.289459999999998 9.9999996826552254e-21 21.226520714285698
decision_type=2 2 2 2 2 2
left_child=1 2 3 -1 -3 -4
right_child=-2 4 5 -5 -6 -7
leaf_value=-100 100 53.727164389870381 -100 -100 100 -68.515673878987627
leaf_count=21 20 22 33 26 20 30
internal_value=0 -1692.3778106978066 -3343.9112436034461 -5245.0797554787168 2633.06689453125 -1925.5791791885617
internal_count=172 152 110 47 42 63
shrinkage=0.05


Tree=47
num_leaves=7
num_cat=0
split_feature=7 8 8 8 9 8
split_gain=2778525434.9184818 1025938168.7029941 293940443.53336048 132909791.8952744 109068879.78844517 16624973.487615526
threshold=9.9999996826552254e-21 28.13613214285715 18.711265714285702 17.289459999999998 9.9999996826552254e-21 21.226520714285698
decision_type=2 2 2 2 2 2
left_child=1 2 3 -1 -3 -4
right_child=-2 4 5 -5 -6 -7
leaf_value=-100 100 51.04080436012962 -100 -100 100 -65.089891357421877
leaf_count=21 20 22 33 26 20 30
internal_value=0 -1647.1576063256514 -3252.4978847156872 -5145.0797560671544 2557.3050275530136 -1840.5717267233229
internal_count=172 152 110 47 42 63
shrinkage=0.05


Tree=48
num_leaves=7
num_cat=0
split_feature=8 9 2 8 9 8
split_gain=1358660667.9115129 392171597.58708417 348123046.21485728 176915858.7966195 74223753.389915705 52157462.340507664
threshold=27.7993042857143 9.9999996826552254e-21 9.9999996826552254e-21 18.878892142857151 9.9999996826552254e-21 21.683814999999999
decision_type=2 2 2 2 2 2
left_child=2 -2 3 4 -1 -5
right_child=1 -3 -4 5 -6 -7
leaf_value=-100 59.734127276876706 100 -100 41.601665925979617 -61.534879531860355 -55.906645202636724
leaf_count=25 23 27 21 32 20 24
internal_value=0 4229.0699752807614 -1960.4191966916694 -1190.1625888748924 -2666.5843993716771 -3.7522054399762834
internal_count=172 50 122 101 45 56
shrinkage=0.05


Tree=49
num_leaves=7
num_cat=0
split_feature=7 1 4 2 3 5
split_gain=2696960357.5054083 980071451.31956196 281064292.29495716 150230249.34739655 233702213.3289009 144194150.12338513
threshold=9.9999996826552254e-21 9.9999996826552254e-21 9.9999996826552254e-21 9.9999996826552254e-21 9.9999996826552254e-21 9.9999996826552254e-21
decision_type=2 2 2 2 2 2
left_child=1 2 3 4 5 -1
right_child=-2 -3 -4 -5 -6 -7
leaf_value=58.244937229156498 100 100 -100 -100 -100 -95.689133598064558
leaf_count=32 20 21 20 28 22 29
internal_value=0 -1587.2437459544133 -2603.9162423519688 -1982.159221821003 -1306.4541571743516 -298.73668295438171
internal_count=172 152 131 111 83 61
shrinkage=0.05


Tree=50
num_leaves=7
num_cat=0
split_feature=7 8 8 8 8 8
split_gain=1389446975.4533484 933009676.80885494 421291269.63152492 23391807.485334396 16951699.117494307 44169242.116154492
threshold=9.9999996826552254e-21 32.950607857142856 19.373891428571451 17.362237857142851 21.269543571428549 27.7993042857143
decision_type=2 2 2 2 2 2
left_child=1 2 3 -1 -4 -6
right_child=-2 -3 4 -5 5 -7
leaf_value=-100 100 100 17.645828529640479 -100 -71.509453293372857 23.705757649739585
leaf_count=21 23 26 27 25 29 21
internal_value=0 -565.5438328557367 -1716.0370381518107 -4110.4834435089779 -285.58853625012682 -630.38129394531245
internal_count=172 149 123 46 77 50
shrinkage=0.05


Tree=51
num_leaves=6
num_cat=0
split_feature=7 1 8 8 8
split_gain=1349538442.5359392 1160129902.153863 889526993.41589034 197939838.90152025 57197088.512619056
threshold=9.9999996826552254e-21 9.9999996826552254e-21 22.751256428571452 18.623445714285701 32.737593571428555
decision_type=2 2 2 2 2
left_child=1 2 3 -1 -4
right_child=-2 -3 4 -5 -6
leaf_value=-100 100 100 11.503498791110133 -100 100
leaf_count=31 23 30 31 35 22
internal_value=0 -544.74170526082082 -1945.7713439684956 -4395.8050104777021 1105.2139765901386
internal_count=172 149 119 66 53
shrinkage=0.05


Tree=52
num_leaves=6
num_cat=0
split_feature=7 1 8 8 8
split_gain=1314674432.3526819 1115885659.3940589 842232128.05958104 197939838.50361323 52496143.017064489
threshold=9.9999996826552254e-21 9.9999996826552254e-21 22.751256428571452 18.623445714285701 32.737593571428555
decision_type=2 2 2 2 2
left_child=1 2 3 -1 -4
right_child=-2 -3 4 -5 -6
leaf_value=-100 100 100 10.928321001606603 -100 100
leaf_count=31 23 30 31 35 22
internal_value=0 -537.73909015783522 -1911.7932796959117 -4295.8050123272524 1056.9760477317955
internal_count=172 149 119 66 53
shrinkage=0.05


Tree=53
num_leaves=6
num_cat=0
split_feature=7 1 8 8 8
split_gain=1280228436.071579 1072453526.6441208 796332108.09136283 197939837.70779943 47968158.453052543
threshold=9.9999996826552254e-21 9.9999996826552254e-21 22.751256428571452 18.623445714285701 32.737593571428555
decision_type=2 2 2 2 2
left_child=1 2 3 -1 -4
right_child=-2 -3 4 -5 -6
leaf_value=-100 100 100 10.381909770350303 -100 100
leaf_count=31 23 30 31 35 22
internal_value=0 -530.61677817530278 -1877.6653423149044 -4195.805016026352 1009.0746287219929
internal_count=172 149 119 66 53
shrinkage=0.05


Tree=54
num_leaves=6
num_cat=0
split_feature=7 1 8 8 8
split_gain=1246203890.619828 1029838768.1642947 751813110.65074873 197939837.93242455 43618467.414893501
threshold=9.9999996826552254e-21 9.9999996826552254e-21 22.751256428571452 18.623445714285701 32.737593571428555
decision_type=2 2 2 2 2
left_child=1 2 3 -1 -4
right_child=-2 -3 4 -5 -6
leaf_value=-100 100 100 9.8628142326108872 -100 100
leaf_count=31 23 30 31 35 22
internal_value=0 -523.38080008077941 -1843.3950842849347 -4095.8050169511275 961.49275639372047
internal_count=172 149 119 66 53
shrinkage=0.05


Tree=55
num_leaves=6
num_cat=0
split_feature=7 1 8 8 8
split_gain=1695015442.8969772 1036309690.8648028 384629851.03613961 150464473.01330161 19738083.277690947
threshold=9.9999996826552254e-21 9.9999996826552254e-21 28.13613214285715 18.623445714285701 21.269543571428549
decision_type=2 2 2 2 2
left_child=1 2 3 -1 -5
right_child=-2 -3 -4 4 -6
leaf_value=-100 100 100 -3.0235187237079328 -100 -100
leaf_count=33 20 25 39 31 24
internal_value=0 -1516.122402580161 -2674.6093089036117 -3833.1481548439374 -2820.2838331395928
internal_count=172 152 127 88 55
shrinkage=0.05


Tree=56
num_leaves=6
num_cat=0
split_feature=7 1 8 8 8
split_gain=1646139576.0230734 986826773.27157187 365110204.394853 150464473.833709 19738083.2802881
threshold=9.9999996826552254e-21 9.9999996826552254e-21 28.13613214285715 18.623445714285701 21.269543571428549
decision_type=2 2 2 2 2
left_child=1 2 3 -1 -5
right_child=-2 -3 -4 4 -6
leaf_value=-100 100 100 -2.8723451858911759 -100 -100
leaf_count=33 20 25 39 31 24
internal_value=0 -1473.8992792430677 -2604.3895048607051 -3733.1481576399369 -2720.2838331742719
internal_count=172 152 127 88 55
shrinkage=0.05


Tree=57
num_leaves=6
num_cat=0
split_feature=7 1 8 8 8
split_gain=1597991754.5928538 938567313.12170291 356797858.95270622 135847289.1215308 26686473.565058231
threshold=9.9999996826552254e-21 9.9999996826552254e-21 18.878892142857151 28.13613214285715 21.269543571428549
decision_type=2 2 2 2 2
left_child=1 2 -1 4 -4
right_child=-2 -3 3 -5 -6
leaf_value=-100 100 100 -92.593815217194731 -2.7287277026054189 -100
leaf_count=37 20 25 27 39 24
internal_value=0 -1431.7149216501336 -2534.2161004975087 -1459.5120971679687 -2533.876100727156
internal_count=172 152 127 90 51
shrinkage=0.05


Tree=58
num_leaves=6
num_cat=0
split_feature=7 1 8 8 8
split_gain=1551006367.9917243 891959477.7760942 348265724.30542481 125810059.65340751 26414416.925296903
threshold=9.9999996826552254e-21 9.9999996826552254e-21 18.878892142857151 28.13613214285715 21.269543571428549
decision_type=2 2 2 2 2
left_child=1 2 -1 4 -4
right_child=-2 -3 3 -5 -6
leaf_value=-100 100 100 -87.964122630931726 -2.592292726956881 -100
leaf_count=37 20 25 27 39 24
internal_value=0 -1390.882993798507 -2465.6613502802811 -1403.8848383585612 -2437.7970024557676
internal_count=172 152 127 90 51
shrinkage=0.05


Tree=59
num_leaves=7
num_cat=0
split_feature=1 8 9 8 8 8
split_gain=527589591.36842245 394658888.70922565 99520809.553222686 38560169.675813198 16767343.286323428 14852263.662536921
threshold=9.9999996826552254e-21 20.835109285714299 9.9999996826552254e-21 18.878892142857151 17.472523571428553 28.47092714285715
decision_type=2 2 2 2 2 2
left_child=1 3 5 4 -1 -3
right_child=-2 2 -4 -5 -6 -7
leaf_value=-100 100 -55.559100341796878 82.899318413985412 -86.72013105912643 -100 3.3553244018554689
leaf_count=23 25 23 38 22 21 20
internal_value=0 -1000.1767321735823 478.86945182894482 -2815.3697761766839 -3355.8533536737614 -563.14084642986916
internal_count=172 147 81 66 44 43
shrinkage=0.05


Tree=60
num_leaves=7
num_cat=0
split_feature=7 1 8 8 8 8
split_gain=1742032400.5280375 816958184.64207208 589339209.57245469 33533049.330173451 27320829.696567688 9116845.4269052371
threshold=9.9999996826552254e-21 9.9999996826552254e-21 19.373891428571451 32.737593571428555 21.269543571428549 27.03815214285715
decision_type=2 2 2 2 2 2
left_child=1 2 -1 4 -4 -6
right_child=-2 -3 3 -5 5 -7
leaf_value=-100 100 100 17.809921264648438 43.842303771972659 -31.456802898904552 -77.614869775772092
leaf_count=39 26 24 20 20 23 20
internal_value=0 -708.68250169656051 -1757.8605410407802 -251.26731601393365 -609.39855139596125 -1058.5134242745332
internal_count=172 146 122 83 63 43
shrinkage=0.05


Tree=61
num_leaves=7
num_cat=0
split_feature=7 1 8 8 8 9
split_gain=1696291422.5360627 781382543.19190729 567674632.32536352 30263577.993586618 24657048.200414263 43916211.462589368
threshold=9.9999996826552254e-21 9.9999996826552254e-21 19.373891428571451 32.737593571428555 21.269543571428549 9.9999996826552254e-21
decision_type=2 2 2 2 2 2
left_child=1 2 -1 4 -4 -6
right_child=-2 -3 3 -5 5 -7
leaf_value=-100 100 100 16.919423217773438 41.650188293457035 -3.160038890009341 -100
leaf_count=39 26 24 20 20 23 20
internal_value=0 -691.26635480906862 -1717.3461357491915 -238.70397324159921 -578.92865232437373 -1005.5877763615098
internal_count=172 146 122 83 63 43
shrinkage=0.05


Tree=62
num_leaves=6
num_cat=0
split_feature=7 1 8 8 8
split_gain=1651528933.3271124 746882645.31788003 546005372.4871316 30001167.930079609 78263313.363202065
threshold=9.9999996826552254e-21 9.9999996826552254e-21 19.373891428571451 22.751256428571452 31.685064999999998
decision_type=2 2 2 2 2
left_child=1 2 -1 -4 -5
right_child=-2 -3 3 4 -6
leaf_value=-100 100 100 -53.523311941964295 66.531182387779495 -52.934946500338043
leaf_count=39 26 24 28 29 26
internal_value=0 -674.81917206228593 -1677.9913103697729 -227.84507328630929 201.12570190429688
internal_count=172 146 122 83 55
shrinkage=0.05


Tree=63
num_leaves=7
num_cat=0
split_feature=7 1 8 8 8 8
split_gain=1607250754.5731962 713074875.86418557 524883660.32522172 29647398.937393576 25244941.251031265 8220499.7421217039
threshold=9.9999996826552254e-21 9.9999996826552254e-21 19.373891428571451 32.737593571428555 21.269543571428549 27.03815214285715
decision_type=2 2 2 2 2 2
left_child=1 2 -1 4 -4 -6
right_child=-2 -3 3 -5 5 -7
leaf_value=-100 100 100 18.749614868164063 42.214431457519538 -28.859396760360056 -72.689695053100579
leaf_count=39 26 24 20 20 23 20
internal_value=0 -658.06876712955841 -1638.2736127884662 -216.45279518954726 -553.19610450381322 -984.91164025595026
internal_count=172 146 122 83 63 43
shrinkage=0.05


Tree=64
num_leaves=7
num_cat=0
split_feature=3 8 8 8 8 8
split_gain=705004610.31403017 500581640.08586919 245051344.63864857 62962072.109156698 61114712.430652611 8983454.9896521419
threshold=9.9999996826552254e-21 32.034834285714304 18.711265714285702 21.269543571428549 25.582844999999999 17.362237857142851
decision_type=2 2 2 2 2 2
left_child=1 2 5 -4 -5 -1
right_child=-2 -3 3 4 -6 -7
leaf_value=-49.568049068450932 -100 100 100 -10.756290740966797 100 -96.391022073654909
leaf_count=20 24 31 28 25 23 21
internal_value=0 1446.0323478080131 499.37127998547675 1562.3406402186345 867.17050393422448 -1471.0109487394006
internal_count=172 148 117 76 48 41
shrinkage=0.05


Tree=65
num_leaves=7
num_cat=0
split_feature=7 1 4 2 5 11
split_gain=1485345012.2559206 798613446.91548216 210100744.75751865 160456781.07711753 34877986.45466011 7056142.8080335902
threshold=9.9999996826552254e-21 9.9999996826552254e-21 9.9999996826552254e-21 9.9999996826552254e-21 9.9999996826552254e-21 9.9999996826552254e-21
decision_type=2 2 2 2 2 2
left_child=1 2 3 4 5 -1
right_child=-2 -3 -4 -5 -6 -7
leaf_value=-17.546278036794355 100 100 -100 -100 -76.33224938434104 19.991180265517464
leaf_count=31 25 28 21 23 23 21
internal_value=0 -694.3381180536179 -1824.9542475147407 -1209.8667142050606 -501.26975184122722 -47.738397524907036
internal_count=172 147 119 98 75 52
shrinkage=0.05


Tree=66
num_leaves=6
num_cat=0
split_feature=7 1 8 8 8
split_gain=1441608292.3495908 758033791.52141666 688551030.78131366 66161972.274573207 23227661.180628754
threshold=9.9999996826552254e-21 9.9999996826552254e-21 22.751256428571452 18.623445714285701 31.685064999999998
decision_type=2 2 2 2 2
left_child=1 2 3 -1 -4
right_child=-2 -3 4 -5 -6
leaf_value=-100 100 100 80.851476778302882 -100 13.038173509680707
leaf_count=31 25 28 28 37 23
internal_value=0 -670.66623062665769 -1772.1830948621284 -3855.3555161602358 1005.3801335353477
internal_count=172 147 119 68 51
shrinkage=0.05


Tree=67
num_leaves=7
num_cat=0
split_feature=7 1 4 3 2 5
split_gain=1403335283.3876493 722901790.56834447 204046924.02227008 190597178.88979873 293605474.13523519 219085695.28745919
threshold=9.9999996826552254e-21 9.9999996826552254e-21 9.9999996826552254e-21 9.9999996826552254e-21 9.9999996826552254e-21 9.9999996826552254e-21
decision_type=2 2 2 2 2 2
left_child=1 2 3 4 5 -1
right_child=-2 -3 -4 -5 -6 -7
leaf_value=100 100 100 -100 -100 -100 -70.366032144297719
leaf_count=30 25 28 21 22 23 23
internal_value=0 -660.89560031242115 -1736.5840808644014 -1130.4228516403509 -380.09729254873173 914.69844587793887
internal_count=172 147 119 98 76 53
shrinkage=0.05


Tree=68
num_leaves=6
num_cat=0
split_feature=7 8 8 8 8
split_gain=1363295658.9902656 616955627.13492167 108359047.9276287 64744857.773201436 52533309.70642978
threshold=9.9999996826552254e-21 22.751256428571452 18.623445714285701 32.950607857142856 20.770867857142854
decision_type=2 2 2 2 2
left_child=1 2 -1 -3 -4
right_child=-2 3 4 -5 -6
leaf_value=-100 100 51.603059146278781 -23.312386213030138 100 -100
leaf_count=38 25 38 28 22 21
internal_value=0 -644.44377860568818 -2345.7570756550494 1822.4605021158854 -1362.9535126978037
internal_count=172 147 87 60 49
shrinkage=0.05


Tree=69
num_leaves=7
num_cat=0
split_feature=4 3 2 5 6 1
split_gain=592048839.41571069 594575156.96953332 772525159.50575745 590711592.53234661 461588675.26445746 193235730.63301492
threshold=9.9999996826552254e-21 9.9999996826552254e-21 9.9999996826552254e-21 9.9999996826552254e-21 9.9999996826552254e-21 9.9999996826552254e-21
decision_type=2 2 2 2 2 2
left_child=1 2 3 4 5 -1
right_child=-2 -3 -4 -5 -6 -7
leaf_value=100 -100 -100 -100 -65.861715698242193 17.892762302217029 100
leaf_count=34 21 22 23 23 21 28
internal_value=0 1207.8417007623129 2027.3085536365361 3167.2234956093553 4409.9045753708806 5782.3728965943856
internal_count=172 151 129 106 83 62
shrinkage=0.05


Tree=70
num_leaves=6
num_cat=0
split_feature=7 1 8 11 8
split_gain=1800571856.4053726 481957730.51572978 302641656.21875674 152504973.34083366 106373483.73774098
threshold=9.9999996826552254e-21 9.9999996826552254e-21 19.373891428571451 9.9999996826552254e-21 24.888362857142848
decision_type=2 2 2 2 2
left_child=1 2 -1 4 -4
right_child=-2 -3 3 -5 -6
leaf_value=-100 100 100 -56.718972778320314 -100 89.4154951615767
leaf_count=37 24 26 20 32 33
internal_value=0 -561.47367106257263 -1394.5415247307449 -355.3972807042739 685.40825840212267
internal_count=172 148 122 85 53
shrinkage=0.05


Tree=71
num_leaves=5
num_cat=0
split_feature=7 1 5 11
split_gain=1755815215.7535942 453590939.13671881 82996915.27550593 119522539.98321003
threshold=9.9999996826552254e-21 9.9999996826552254e-21 9.9999996826552254e-21 9.9999996826552254e-21
decision_type=2 2 2 2
left_child=1 2 3 -1
right_child=-2 -3 -4 -5
leaf_value=-44.037632389391888 100 100 13.590225769042968 -100
leaf_count=59 24 26 25 38
internal_value=0 -544.69209939080315 -1352.8720760658139 -1771.603156335575
internal_count=172 148 122 97
shrinkage=0.05


Tree=72
num_leaves=6
num_cat=0
split_feature=7 8 11 8 8
split_gain=1709146153.063076 308386752.21064878 122142065.2734223 71608806.587451309 47268479.051923573
threshold=9.9999996826552254e-21 19.373891428571451 9.9999996826552254e-21 24.888362857142848 17.289459999999998
decision_type=2 2 2 2 2
left_child=1 4 3 -3 -1
right_child=-2 2 -4 -5 -6
leaf_value=-73.60895362854005 100 3.0632572562606248 -49.146504417625636 100 -100
leaf_count=20 24 27 37 37 27
internal_value=0 -521.3241130854633 463.37884141903112 1299.5261914432049 -2637.3879089355469
internal_count=172 148 101 64 47
shrinkage=0.05


Tree=73
num_leaves=7
num_cat=0
split_feature=7 3 2 6 5 9
split_gain=1666239082.0851378 184811568.46532089 135947409.06868961 53676522.433628261 14687931.780027904 6742119.3967599869
threshold=9.9999996826552254e-21 9.9999996826552254e-21 9.9999996826552254e-21 9.9999996826552254e-21 9.9999996826552254e-21 9.9999996826552254e-21
decision_type=2 2 2 2 2 2
left_child=1 2 3 4 5 -1
right_child=-2 -3 -4 -5 -6 -7
leaf_value=76.606626898901808 100 -100 -100 -45.203989737374442 13.262570739746094 40.882868896484382
leaf_count=28 24 25 24 21 25 25
internal_value=0 -506.40593943724764 -2.6140548271861501 515.01772921013105 897.08244719872107 1195.1159530495697
internal_count=172 148 123 99 78 53
shrinkage=0.05


Tree=74
num_leaves=5
num_cat=0
split_feature=7 1 5 11
split_gain=1623524160.4681833 409809540.14777941 71760243.241565466 104333778.39734131
threshold=9.9999996826552254e-21 9.9999996826552254e-21 9.9999996826552254e-21 9.9999996826552254e-21
decision_type=2 2 2 2
left_child=1 2 3 -1
right_child=-2 -3 -4 -5
leaf_value=-40.787073400465111 100 100 12.59944012451172 -100
leaf_count=59 24 26 25 38
internal_value=0 -490.5230830166791 -1258.7100472372085 -1648.0654208783021
internal_count=172 148 122 97
shrinkage=0.05


Tree=75
num_leaves=7
num_cat=0
split_feature=7 8 8 8 9 8
split_gain=1606345791.0195138 467895818.99046117 124732293.1198321 84452022.245985359 51388019.843013808 27987529.433982801
threshold=9.9999996826552254e-21 18.623445714285701 17.289459999999998 24.888362857142848 9.9999996826552254e-21 20.383265714285699
decision_type=2 2 2 2 2 2
left_child=1 2 -1 5 -5 -3
right_child=-2 3 -4 4 -6 -7
leaf_value=-95.358377147856217 100 22.980641028994608 -100 100 16.849229460496172 -49.288979339599614
leaf_count=21 23 21 20 24 26 37
internal_value=0 -733.25443815704955 -3609.3373212116521 358.59184152108651 1310.9978872680665 -462.44785308837891
internal_count=172 149 41 108 50 58
shrinkage=0.05


Tree=76
num_leaves=7
num_cat=0
split_feature=7 1 8 8 8 11
split_gain=1564820812.9913273 459283148.18164295 391929613.20051593 69068245.877296776 39465509.768074684 49335.145401984453
threshold=9.9999996826552254e-21 9.9999996826552254e-21 18.623445714285701 22.751256428571452 31.685064999999998 9.9999996826552254e-21
decision_type=2 2 2 2 2 2
left_child=1 2 -1 5 -5 -4
right_child=-2 -3 3 4 -6 -7
leaf_value=-100 100 100 -66.488631973266607 59.163643973214292 -31.51149706159319 -70.000581054687501
leaf_count=35 23 25 20 28 21 20
internal_value=0 -716.43869858300127 -1504.7654837331463 -389.87498148371662 406.0573848802216 -1364.8921302795411
internal_count=172 149 124 89 49 40
shrinkage=0.05


Tree=77
num_leaves=7
num_cat=0
split_feature=7 1 8 8 8 11
split_gain=1523303119.6843722 431899752.25368625 376115925.62129581 62334092.540969178 35617619.82870362 44524.917714804411
threshold=9.9999996826552254e-21 9.9999996826552254e-21 18.623445714285701 22.751256428571452 31.685064999999998 9.9999996826552254e-21
decision_type=2 2 2 2 2 2
left_child=1 2 -1 5 -5 -4
right_child=-2 -3 3 4 -6 -7
leaf_value=-100 100 100 -63.164200668334956 56.205461447579523 -29.935919225783575 -66.500550384521489
leaf_count=35 23 25 20 28 21 20
internal_value=0 -698.08336204170382 -1462.5481831950526 -370.38121444187806 385.75453746562101 -1296.6475105285645
internal_count=172 149 124 89 49 40
shrinkage=0.05


Tree=78
num_leaves=7
num_cat=0
split_feature=3 8 8 8 8 9
split_gain=482809630.6941362 543801211.98732352 196044069.40315238 35304882.990033805 53643145.026164532 30323661.681233644
threshold=9.9999996826552254e-21 32.034834285714304 18.878892142857151 21.269543571428549 25.582844999999999 9.9999996826552254e-21
decision_type=2 2 2 2 2 2
left_child=1 2 5 -4 -5 -1
right_child=-2 -3 3 4 -6 -7
leaf_value=-100 -100 100 100 -21.922049348250681 83.884808349609386 -29.582890805331143
leaf_count=22 23 25 32 23 25 22
internal_value=0 1131.4259554459745 273.62581474550308 1206.1226285934449 663.71378072102868 -1421.8229377053001
internal_count=172 149 124 80 48 44
shrinkage=0.05


Tree=79
num_leaves=7
num_cat=0
split_feature=7 1 8 8 8 11
split_gain=1471833275.0511725 403172823.5690763 338505150.49517822 55361792.00465589 33160353.014594048 49354.548341527581
threshold=9.9999996826552254e-21 9.9999996826552254e-21 18.623445714285701 22.751256428571452 31.685064999999998 9.9999996826552254e-21
decision_type=2 2 2 2 2 2
left_child=1 2 -1 5 -5 -4
right_child=-2 -3 3 4 -6 -7
leaf_value=-100 100 100 -61.443663177490237 51.697571236746654 -31.419255447387698 -64.956302795410167
leaf_count=35 23 25 20 28 21 20
internal_value=0 -688.59010719452931 -1427.1941026872205 -391.07228971331307 321.52148172806722 -1263.999659729004
internal_count=172 149 124 89 49 40
shrinkage=0.05


Tree=80
num_leaves=7
num_cat=0
split_feature=3 8 9 8 8 8
split_gain=426337695.92929584 250882825.68393534 145208506.58882332 146238234.40990913 32193103.283521809 24784861.383777805
threshold=9.9999996826552254e-21 18.878892142857151 9.9999996826552254e-21 30.227725 28.13613214285715 17.362237857142851
decision_type=2 2 2 2 2 2
left_child=1 5 4 -4 -3 -1
right_child=-2 2 3 -5 -6 -7
leaf_value=-4.2866967010498049 -100 70.160848522186285 86.266961327914544 100 -9.5109688895089288 -78.963291503906248
leaf_count=20 25 32 29 20 21 25
internal_value=0 1051.373350908967 1919.1000687842275 3159.9973652119538 771.85539850198995 -915.47387627495664
internal_count=172 147 102 49 53 45
shrinkage=0.05


Tree=81
num_leaves=6
num_cat=0
split_feature=7 1 8 9 8
split_gain=1094272259.0998738 438886169.71527517 227421472.37670282 154094451.13894877 2797072.991427958
threshold=9.9999996826552254e-21 9.9999996826552254e-21 18.878892142857151 9.9999996826552254e-21 23.012218571428598
decision_type=2 2 2 2 2
left_child=1 2 -1 4 -4
right_child=-2 -3 3 -5 -6
leaf_value=-100 100 100 -77.63124893188477 43.600699213931442 -100
leaf_count=34 26 27 20 38 27
internal_value=0 -673.8583917487158 -1499.7212239754301 -625.39752879423258 -1836.0706670233544
internal_count=172 146 119 85 47
shrinkage=0.05


Tree=82
num_leaves=6
num_cat=0
split_feature=7 1 8 9 8
split_gain=1056506921.8297175 409824911.87429035 217214283.43240145 139213221.27851561 2549209.7313892841
threshold=9.9999996826552254e-21 9.9999996826552254e-21 18.878892142857151 9.9999996826552254e-21 23.012218571428598
decision_type=2 2 2 2 2
left_child=1 2 -1 4 -4
right_child=-2 -3 3 -5 -6
leaf_value=-100 100 100 -73.749682083129883 41.420666383442125 -97.301521809895846
leaf_count=34 26 27 20 38 27
internal_value=0 -651.28440188055174 -1449.3363288430608 -594.8586842256434 -1745.5892470339511
internal_count=172 146 119 85 47
shrinkage=0.05


Tree=83
num_leaves=6
num_cat=0
split_feature=7 1 8 9 8
split_gain=1019543769.7345953 381863279.51621217 207128530.61430904 125639935.19174591 2300660.2289443016
threshold=9.9999996826552254e-21 9.9999996826552254e-21 18.878892142857151 9.9999996826552254e-21 23.012218571428598
decision_type=2 2 2 2 2
left_child=1 2 -1 4 -4
right_child=-2 -3 3 -5 -6
leaf_value=-100 100 100 -70.062204132080083 39.34963270488538 -92.436444317853017
leaf_count=34 26 27 20 38 27
internal_value=0 -629.17380408718157 -1399.5199649073497 -565.11577327952671 -1658.3098209462266
internal_count=172 146 119 85 47
shrinkage=0.05


Tree=84
num_leaves=5
num_cat=0
split_feature=7 1 3 11
split_gain=983493874.02563536 355077304.29113179 103015242.44519931 77271425.554526046
threshold=9.9999996826552254e-21 9.9999996826552254e-21 9.9999996826552254e-21 9.9999996826552254e-21
decision_type=2 2 2 2
left_child=1 2 3 -1
right_child=-2 -3 -4 -5
leaf_value=-7.8318395154229528 100 100 -100 -100
leaf_count=58 26 27 25 36
internal_value=0 -607.92899249351183 -1350.765826826336 -870.94030826649771
internal_count=172 146 119 94
shrinkage=0.05


Tree=85
num_leaves=7
num_cat=0
split_feature=8 9 1 8 8 8
split_gain=852324606.47518563 147172917.16350782 142683259.03930914 26606759.797054529 43870420.145139009 38492220.252748609
threshold=28.13613214285715 9.9999996826552254e-21 9.9999996826552254e-21 18.878892142857151 17.289459999999998 21.269543571428549
decision_type=2 2 2 2 2 2
left_child=2 -2 3 4 -1 -5
right_child=1 -3 -4 5 -6 -7
leaf_value=-47.151946512858075 100 100 77.145978515148158 -10.431810581684113 -100 -93.23535357666016
leaf_count=21 27 25 20 32 22 25
internal_value=0 3951.6705285585845 -895.34534420172372 -1382.9983271026611 -1976.8790034804233 -934.98308001066505
internal_count=172 52 120 100 43 57
shrinkage=0.05


Tree=86
num_leaves=7
num_cat=0
split_feature=8 9 8 8 9 8
split_gain=805188588.73643708 147172917.19018531 39237882.50619188 36383514.363070533 25545172.523615867 3469851.9011269244
threshold=28.13613214285715 9.9999996826552254e-21 18.878892142857151 22.14268857142855 9.9999996826552254e-21 20.506160000000001
decision_type=2 2 2 2 2 2
left_child=2 -2 4 5 -1 -4
right_child=1 -3 3 -5 -6 -7
leaf_value=-100 100 100 23.64828624725342 -68.106255459785459 -32.17072273254395 -4.2930214843750001
leaf_count=31 27 25 20 24 20 25
internal_value=0 3851.6705287053037 -859.41223891576135 -367.79998353598774 -1524.5347020766314 162.50675014919705
internal_count=172 52 120 69 51 45
shrinkage=0.05


Tree=87
num_leaves=6
num_cat=0
split_feature=7 3 1 2 9
split_gain=789928580.68566799 230459469.29197863 101268737.7390413 18826533.075855568 22637177.43750561
threshold=9.9999996826552254e-21 9.9999996826552254e-21 9.9999996826552254e-21 9.9999996826552254e-21 9.9999996826552254e-21
decision_type=2 2 2 2 2
left_child=1 2 3 4 -1
right_child=-2 -3 -4 -5 -6
leaf_value=27.90792385598888 100 -100 100 -45.199299558003744 -26.853475594520571
leaf_count=46 20 24 26 24 32
internal_value=0 -213.58380308590438 319.59898434951901 -129.47645314534506 108.83417393611028
internal_count=172 152 128 102 78
shrinkage=0.05


Tree=88
num_leaves=7
num_cat=0
split_feature=7 8 1 8 8 8
split_gain=765768717.8190645 524828114.74491411 195658818.79734334 78465790.361405313 23760618.695599854 56504991.11638695
threshold=9.9999996826552254e-21 28.13613214285715 9.9999996826552254e-21 32.950607857142856 18.623445714285701 21.269543571428549
decision_type=2 2 2 2 2 2
left_child=1 2 4 -3 -1 -6
right_child=-2 3 -4 -5 5 -7
leaf_value=-100 100 68.164932217805287 70.237603530883788 100 -40.362241363525392 -100
leaf_count=33 20 23 20 22 32 22
internal_value=0 -210.55528700979133 -1415.5943351103881 2654.7597829182941 -2063.9498306800579 -1655.4147677951389
internal_count=172 152 107 45 87 54
shrinkage=0.05


Tree=89
num_leaves=7
num_cat=0
split_feature=7 8 1 8 8 8
split_gain=740239160.23554051 490823005.46119732 179285962.29008034 76585955.290480912 22226896.398907781 53314047.388410658
threshold=9.9999996826552254e-21 28.13613214285715 9.9999996826552254e-21 32.950607857142856 18.623445714285701 21.269543571428549
decision_type=2 2 2 2 2 2
left_child=1 2 4 -3 -1 -6
right_child=-2 3 -4 -5 5 -7
leaf_value=-100 100 64.756684212062666 66.72572212219238 100 -38.344132137298587 -100
leaf_count=33 20 23 20 22 32 22
internal_value=0 -199.90368662382426 -1365.2500608925507 2571.0310255262589 -1985.8855789009183 -1590.7556954843026
internal_count=172 152 107 45 87 54
shrinkage=0.05


Tree=90
num_leaves=7
num_cat=0
split_feature=7 1 6 3 2 9
split_gain=1140644802.4416528 258197208.00034297 79538542.963810503 24628158.611523807 25074819.996814847 105705493.07174972
threshold=9.9999996826552254e-21 9.9999996826552254e-21 9.9999996826552254e-21 9.9999996826552254e-21 9.9999996826552254e-21 9.9999996826552254e-21
decision_type=2 2 2 2 2 2
left_child=1 2 3 4 5 -1
right_child=-2 -3 -4 -5 -6 -7
leaf_value=6.3080873929537269 100 100 2.4270489032451925 -100 -100 -100
leaf_count=26 29 24 26 21 25 21
internal_value=0 -894.22686714225711 -1497.6749227828338 -1929.9503359230616 -1652.0315551757813 -1221.6300918903758
internal_count=172 143 119 93 72 47
shrinkage=0.05



feature importances:
trend=248
xf7=73
xf1=58
sunny=45
xf3=19
rainy=19
xf2=13
xf5=10
xf6=6
xf4=4
cloudy=1

pandas_categorical:[]